Currently using GPU: 1
Creating dataset: Tiny-Imagenet
openset here!
Creating model: resnet18
==> Test
Model_B | Accuracy (%): 30.150001525878906	 Error rate (%): 69.8499984741211
detected_unknown:  0.0


active learning 5
[[25264, 10.0, 50, 9.985272407531738], [89074, 10.0, 178, 9.970743179321289], [10629, 10.0, 21, 9.89056396484375], [95870, 10.0, 191, 9.682692527770996], [95823, 10.0, 191, 9.535663604736328], [88978, 10.0, 177, 9.497942924499512], [92106, 10.0, 184, 9.253085136413574], [5860, 10.0, 11, 9.105430603027344], [18, 10.0, 0, 8.995903968811035], [12281, 10.0, 24, 8.972465515136719], [89100, 10.0, 178, 8.956096649169922], [95426, 10.0, 190, 8.955353736877441], [7915, 10.0, 15, 8.914615631103516], [91154, 10.0, 182, 8.897193908691406], [88558, 10.0, 177, 8.82259464263916], [11677, 10.0, 23, 8.784344673156738], [95198, 10.0, 190, 8.766131401062012], [17759, 10.0, 35, 8.645695686340332], [25194, 10.0, 50, 8.555712699890137], [5739, 10.0, 11, 8.520678520202637]]
Query round: 0 | Query Strategy: active_query | Query Batch: 600 | Valid Query Nums: 112 | Query Precision: 0.18666666666666668 | Query Recall: 0.0856 | Training Nums: 1712 | Unalebled Nums: 98288
openset==> Tes==> Test
Model_B | Accuracy (%): 31.05000114440918	 Error rate (%): 68.94999694824219
detected_unknown:  474281.0


active learning 5
[[5783, 10.0, 11, 9.99384880065918], [17352, 10.0, 34, 9.88008975982666], [10083, 10.0, 20, 9.861873626708984], [19223, 10.0, 38, 9.790443420410156], [4396, 10.0, 8, 9.731152534484863], [17048, 10.0, 34, 9.712865829467773], [19735, 10.0, 39, 9.638134002685547], [17828, 10.0, 35, 9.49645709991455], [17462, 10.0, 34, 9.489507675170898], [17078, 10.0, 34, 9.4032621383667], [10961, 10.0, 21, 9.38794231414795], [17260, 10.0, 34, 9.184370040893555], [14140, 10.0, 28, 9.152015686035156], [14007, 10.0, 28, 9.095579147338867], [4016, 10.0, 8, 9.004865646362305], [7566, 10.0, 15, 9.000120162963867], [5584, 10.0, 11, 8.99842357635498], [17259, 10.0, 34, 8.94125747680664], [17051, 10.0, 34, 8.864513397216797], [18314, 10.0, 36, 8.831992149353027]]
Query round: 1 | Query Strategy: active_query | Query Batch: 600 | Valid Query Nums: 434 | Query Precision: 0.7233333333333334 | Query Recall: 0.1073 | Training Nums: 2146 | Unalebled Nums: 9785==> Test
Model_B==> Test
Model_B | Accuracy (%): 37.0	 Error rate (%): 63.0
detected_unknown:  515703.0


active learning 5
[[5738, 10.0, 11, 10.000544548034668], [4018, 10.0, 8, 9.989813804626465], [4040, 10.0, 8, 9.989404678344727], [7505, 10.0, 15, 9.982259750366211], [17246, 10.0, 34, 9.952169418334961], [17389, 10.0, 34, 9.876877784729004], [17070, 10.0, 34, 9.844855308532715], [12440, 10.0, 24, 9.668442726135254], [10765, 10.0, 21, 9.61066722869873], [10658, 10.0, 21, 9.610498428344727], [17111, 10.0, 34, 9.587389945983887], [17569, 10.0, 35, 9.46715259552002], [6345, 10.0, 12, 9.46340274810791], [5805, 10.0, 11, 9.459793090820312], [17116, 10.0, 34, 9.341374397277832], [17622, 10.0, 35, 9.122130393981934], [17525, 10.0, 35, 9.121857643127441], [13343, 10.0, 26, 9.104005813598633], [10267, 10.0, 20, 9.00098991394043], [16591, 10.0, 33, 8.959580421447754]]
Query round: 2 | Query Strategy: active_query | Query Batch: 600 | Valid Query Nums: 462 | Query Precision: 0.77 | Query Recall: 0.1304 | Training Nums: 2608 | Unalebled Nums: 97392
openset here!
==> Test
Model_B | Accuracy (%): 38.70000076293945	 Error rate (%): 61.29999923706055
detected_unknown:  546149.0


active learning 5
[[4077, 10.0, 8, 10.000835418701172], [17302, 10.0, 34, 9.973957061767578], [17906, 10.0, 35, 9.948627471923828], [17466, 10.0, 34, 9.839866638183594], [465, 10.0, 0, 9.803829193115234], [17637, 10.0, 35, 9.575859069824219], [17972, 10.0, 35, 9.477696418762207], [10548, 10.0, 21, 9.432744026184082], [6260, 10.0, 12, 9.307393074035645], [11148, 10.0, 22, 9.039497375488281], [12650, 10.0, 25, 8.995532035827637], [2910, 10.0, 5, 8.98798656463623], [4282, 10.0, 8, 8.978588104248047], [11025, 10.0, 22, 8.957372665405273], [17276, 10.0, 34, 8.95712661743164], [6307, 10.0, 12, 8.937494277954102], [10776, 10.0, 21, 8.91380500793457], [5930, 10.0, 11, 8.890815734863281], [10715, 10.0, 21, 8.879838943481445], [4247, 10.0, 8, 8.85612678527832]]
Query round: 3 | Query Strategy: active_query | Query Batch: 600 | Valid Query Nums: 479 | Query Precision: 0.7983333333333333 | Query Recall: 0.15435 | Training Nums: 3087 | Unalebled Nums: 96913
openset here!
==> Test
Model_B | Accuracy (%): 44.10000228881836	 Error rate (%): 55.89999771118164
detected_unknown:  556781.0


active learning 5
[[17010, 10.0, 34, 9.999393463134766], [7660, 10.0, 15, 9.997876167297363], [18121, 10.0, 36, 9.993494987487793], [17503, 10.0, 35, 9.990191459655762], [17477, 10.0, 34, 9.936580657958984], [17082, 10.0, 34, 9.915349006652832], [17220, 10.0, 34, 9.788063049316406], [17891, 10.0, 35, 9.779304504394531], [28101, 10.0, 56, 9.771623611450195], [415, 10.0, 0, 9.567669868469238], [10143, 10.0, 20, 9.539324760437012], [5682, 10.0, 11, 9.508337020874023], [15976, 10.0, 31, 9.479705810546875], [17097, 10.0, 34, 9.206618309020996], [17696, 10.0, 35, 9.17365550994873], [19772, 10.0, 39, 9.03696346282959], [11316, 10.0, 22, 9.002884864807129], [18019, 10.0, 36, 8.991593360900879], [17076, 10.0, 34, 8.989648818969727], [26910, 10.0, 53, 8.959525108337402]]
Query round: 4 | Query Strategy: active_query | Query Batch: 600 | Valid Query Nums: 471 | Query Precision: 0.785 | Query Recall: 0.1779 | Training Nums: 3558 | Unalebled Nums: 96442
openset here!
==> Test
Model_B | Accuracy (%): 47.750003814697266	 Error rate (%): 52.249996185302734
detected_unknown:  568332.0


active learning 5
[[5607, 10.0, 11, 10.000542640686035], [4689, 10.0, 9, 9.999296188354492], [4650, 10.0, 9, 9.998943328857422], [16981, 10.0, 33, 9.982770919799805], [4754, 10.0, 9, 9.961175918579102], [17912, 10.0, 35, 9.954730033874512], [17037, 10.0, 34, 9.954029083251953], [10139, 10.0, 20, 9.920538902282715], [11888, 10.0, 23, 9.868945121765137], [16664, 10.0, 33, 9.827625274658203], [17632, 10.0, 35, 9.768333435058594], [17143, 10.0, 34, 9.741989135742188], [18309, 10.0, 36, 9.632383346557617], [10837, 10.0, 21, 9.244627952575684], [13843, 10.0, 27, 9.226398468017578], [5726, 10.0, 11, 9.14413070678711], [4366, 10.0, 8, 9.133338928222656], [12810, 10.0, 25, 9.064699172973633], [17589, 10.0, 35, 9.00289249420166], [7743, 10.0, 15, 8.970759391784668]]
Query round: 5 | Query Strategy: active_query | Query Batch: 600 | Valid Query Nums: 511 | Query Precision: 0.8516666666666667 | Query Recall: 0.20345 | Training Nums: 4069 | Unalebled Nums: 95931
openset here!
==> Test
Model_B | Accuracy (%): 49.35000228881836	 Error rate (%): 50.64999771118164
detected_unknown:  575431.0


active learning 5
[[14259, 10.0, 28, 9.998346328735352], [2600, 10.0, 5, 9.979301452636719], [10243, 10.0, 20, 9.951584815979004], [17464, 10.0, 34, 9.91490364074707], [10847, 10.0, 21, 9.907825469970703], [17210, 10.0, 34, 9.904348373413086], [11737, 10.0, 23, 9.886628150939941], [10343, 10.0, 20, 9.756996154785156], [17402, 10.0, 34, 9.747003555297852], [4241, 10.0, 8, 9.709364891052246], [4260, 10.0, 8, 9.707505226135254], [419, 10.0, 0, 9.639036178588867], [17801, 10.0, 35, 9.541507720947266], [18130, 10.0, 36, 9.390986442565918], [5614, 10.0, 11, 9.249850273132324], [11767, 10.0, 23, 9.241087913513184], [10889, 10.0, 21, 9.070425987243652], [14262, 10.0, 28, 8.994220733642578], [5563, 10.0, 11, 8.9879732131958], [29030, 10.0, 58, 8.973978996276855]]
Query round: 6 | Query Strategy: active_query | Query Batch: 600 | Valid Query Nums: 519 | Query Precision: 0.865 | Query Recall: 0.2294 | Training Nums: 4588 | Unalebled Nums: 95412
openset here!
==> Test
Model_B | Accuracy (%): 49.000003814697266	 Error rate (%): 50.999996185302734
detected_unknown:  576508.0


active learning 5
[[11908, 10.0, 23, 9.971510887145996], [17792, 10.0, 35, 9.953594207763672], [14946, 10.0, 29, 9.900492668151855], [11629, 10.0, 23, 9.882619857788086], [18186, 10.0, 36, 9.672385215759277], [5596, 10.0, 11, 9.651230812072754], [10120, 10.0, 20, 9.37449836730957], [15781, 10.0, 31, 9.297338485717773], [7512, 10.0, 15, 9.264348983764648], [12636, 10.0, 25, 9.12557315826416], [17700, 10.0, 35, 9.119147300720215], [5234, 10.0, 10, 9.07217025756836], [28197, 10.0, 56, 9.04115104675293], [4574, 10.0, 9, 8.980195045471191], [7696, 10.0, 15, 8.963371276855469], [14704, 10.0, 29, 8.869585037231445], [2745, 10.0, 5, 8.738763809204102], [17976, 10.0, 35, 8.685873031616211], [5609, 10.0, 11, 8.675271987915039], [17961, 10.0, 35, 8.671529769897461]]
Query round: 7 | Query Strategy: active_query | Query Batch: 600 | Valid Query Nums: 510 | Query Precision: 0.85 | Query Recall: 0.2549 | Training Nums: 5098 | Unalebled Nums: 94902
openset here!
==> Test
Model_B | Accuracy (%)==> Test==> Test
Model_B | Accuracy (%): 52.150001525878906	 Error rate (%): 47.849998474121094
detected_unknown:  584811.0


active learning 5
[[17569, 10.0, 35, 9.999103546142578], [16571, 10.0, 33, 9.911139488220215], [10991, 10.0, 21, 9.876319885253906], [17239, 10.0, 34, 9.776851654052734], [10509, 10.0, 21, 9.64219856262207], [8696, 10.0, 17, 9.633194923400879], [14051, 10.0, 28, 9.621474266052246], [14367, 10.0, 28, 9.592808723449707], [17074, 10.0, 34, 9.537638664245605], [17787, 10.0, 35, 9.537346839904785], [17752, 10.0, 35, 9.445368766784668], [9196, 10.0, 18, 9.258109092712402], [6260, 10.0, 12, 8.996179580688477], [25034, 10.0, 50, 8.878963470458984], [5127, 10.0, 10, 8.852267265319824], [10175, 10.0, 20, 8.850459098815918], [7789, 10.0, 15, 8.809540748596191], [17271, 10.0, 34, 8.736608505249023], [14264, 10.0, 28, 8.671688079833984], [4780, 10.0, 9, 8.598901748657227]]
Query round: 8 | Query Strategy: active_query | Query Batch: 600 | Valid Query Nums: 521 | Query Precision: 0.8683333333333333 | Query Recall: 0.28425 | Training Nums: ==> Test
Model_B | ==> Test
Model_B | Accur==> Test
Model_B | Accuracy (%): 54.60000228881836	 Error rate (%): 45.39999771118164
detected_unknown:  588750.0


active learning 5
[[9022, 10.0, 18, 9.985811233520508], [14259, 10.0, 28, 9.97618293762207], [17520, 10.0, 35, 9.949995040893555], [12395, 10.0, 24, 9.577082633972168], [17912, 10.0, 35, 9.468994140625], [45, 10.0, 0, 8.99484634399414], [10650, 10.0, 21, 8.981611251831055], [9100, 10.0, 18, 8.963839530944824], [6085, 10.0, 12, 8.916694641113281], [5698, 10.0, 11, 8.899868965148926], [14038, 10.0, 28, 8.893048286437988], [17378, 10.0, 34, 8.888113021850586], [11820, 10.0, 23, 8.884488105773926], [18728, 10.0, 37, 8.771222114562988], [11767, 10.0, 23, 8.13133716583252], [10783, 10.0, 21, 8.049919128417969], [16131, 10.0, 32, 8.014090538024902], [19416, 10.0, 38, 8.012226104736328], [39392, 10.0, 78, 8.008732795715332], [12896, 10.0, 25, 8.007491111755371]]
Query round: 9 | Query Strategy: active_query | Query Batch: 600 | Valid Query Nums: 531 | Query Precision: 0.885 | Query Recall: 0.3108 | Training Nums: 6216 | Unalebled Nums: 93784
openset here!
Finished. Total elapsed time (h:m:s): 4:46:30
