Currently using GPU: 0
Creating dataset: cifar10
Files already downloaded and verified
openset here!
Files already downloaded and verified
Creating model: resnet18
==> Test
Model_B | Accuracy (%): 82.45000457763672	 Error rate (%): 17.54999542236328
tensor([[ 5, 21, 52,  ..., 19, 70, 43],
        [34, 38, 99,  ..., 89, 82,  0],
        [14, 19, 82,  ..., 88, 39, 98],
        ...,
        [ 7, 24, 33,  ..., 11, 86,  4],
        [71,  0, 68,  ..., 74, 34, 37],
        [86, 51, 82,  ..., 87, 19, 13]], device='cuda:0')
detected_unknown:  0.0


active learning 5
[[30355, 10.0, 0, 10.000001907348633], [2994, 10.0, 1, 9.999377250671387], [30240, 10.0, 0, 9.999251365661621], [18193, 10.0, 8, 9.998285293579102], [41277, 10.0, 0, 9.997307777404785], [6830, 10.0, 8, 9.996798515319824], [44258, 10.0, 6, 9.995999336242676], [24851, 10.0, 0, 9.985097885131836], [46697, 10.0, 3, 9.975481033325195], [42532, 10.0, 2, 9.968483924865723], [21385, 10.0, 4, 9.955252647399902], [11478, 10.0, 2, 9.953376770019531], [588, 10.0, 6, 9.947759628295898], [37233, 10.0, 0, 9.94641399383545], [33012, 10.0, 6, 9.911173820495605], [707, 10.0, 8, 9.8778657913208], [25614, 10.0, 1, 9.877784729003906], [13419, 10.0, 0, 9.76708698272705], [42338, 10.0, 7, 9.673048973083496], [9614, 10.0, 0, 9.551353454589844]]
