Currently using GPU: 2
Creating dataset: cifar10
Files already downloaded and verified
openset here!
Files already downloaded and verified
Creating model: resnet18
==> Test
Model_B | Accuracy (%): 76.55000305175781	 Error rate (%): 23.449996948242188
detected_unknown:  0.0


Files already downloaded and verified
openset here!
Files already downloaded and verified
1	621350.8757739053
2	1021.6320330302063
3	901.8935140121561
4	792.7334636200052
5	678.653056119738
6	648.196571966337
7	639.7193290197122
8	630.5583778821695
9	605.8113335572946
10	596.9117738210427
11	590.9450844728219
12	550.0168140136467
13	544.8633542262778
14	534.0995788776146
15	519.5526659441476
16	515.5534002733713
17	483.81379088625005
18	479.04261366812904
19	476.8706697651597
20	463.83917045307504
21	458.1521739931141
22	454.4693028884304
23	450.9571983771694
24	446.31063246301534
25	440.5795924620998
26	434.5824778037441
27	431.0604183631313
28	426.7873620035189
29	424.0142849924105
30	415.27704556944997
31	412.25218542578847
32	409.2820809698406
33	405.4983086487718
34	401.1379565102488
35	397.0966202122599
36	394.52682192153037
37	388.6912694675356
38	382.79563457793296
39	379.5240812013017
40	374.7684044549332
41	370.4876746842728
42	367.172162742363
43	364.31176301931015
44	358.67749235128036
45	355.4288024613725
46	351.24101933930984
47	347.89053043817154
48	344.696367995357
49	341.41460899800046
50	338.799355072677
51	336.32733587712033
52	332.31373218983396
53	329.9299463459848
54	328.35727350205167
55	325.4574884534905
56	321.26938096295095
57	318.60332528362966
58	315.5157615707813
59	313.35106105591154
60	299.7201420407819
61	295.26168456944475
62	290.61543408307085
63	289.0155175794808
64	284.9135552419776
65	281.81568942204666
66	279.1598251146226
67	277.51591947497417
68	274.06113508166356
69	271.71166172446294
70	268.8600765746979
71	266.2955388111024
72	264.45561829031993
73	262.7057712358384
74	260.6680339730539
75	258.65951691181016
76	255.9920263950209
77	252.89292079847854
78	251.1089254085402
79	248.92433099539102
80	130.97927811404952
81	121.48802160772173882	120.00261473211138
83	117.36955618413775
84	115.68419146093218
85	112.70290001386455
86	111.47252090925029
87	110.45538649612716
88	107.84503374153427
89	106.72947523647598
90	104.10952024735887
91	102.74272978047519
92	100.94316124657779
93	98.26376580933722
94	96.52691299879372
95	95.69834912979424
96	92.03708884891422
97	89.56946585353764
98	88.02325460748581
99	86.56328937845139
100	85.42943475084213
101	84.15809288816128
102	82.32663312749538
103	81.07778814630184
104	79.3428192456213
105	78.42921704129732
106	76.6959761984781
107	76.04484098914146
108	74.65273898604393
109	72.64470261099815
110	71.45898943903923
111	70.59228974345206
112	69.87486976149557
113	68.90297583639224
114	68.51989275601412
115	66.61957181213258
116	65.42664361713288
117	64.57121527908204
118	63.29845894096253
119	62.395992315987314
120	61.15307859299537
121	59.84384287582543
122	58.21667302833703
123	57.59816784845498
124	55.96467192159798
125	54.47732920633463
126	51.80361929224638
127	50.774895620214025
128	50.1428688882461
129	49.834855240451375
130	49.144217460563596
131	48.590839375947326
132	47.656387413475386
133	46.96264530139342
134	46.06507033002163
135	45.23344832551266
136	44.02152332102015
137	43.28768174353354
138	42.67608013752215
139	41.923889189989495
140	41.68725438164438
141	40.65893875940128
142	39.72361665351673
143	38.9887502728252
144	37.65279346092029
145	37.36131333692355
146	36.73736374957843
147	34.65562112389488
148	34.4396123415081
149	33.63797391711159
150	32.99906469641609
151	32.397719592992864
152	31.842465431634984
153	31.4653367411538
154	30.888013483230672
155	30.067660240614707
156	29.894197268569762
157	29.52551418744951
158	28.881926526008094
159	28.453186173615897
160	27.83464833038851
161	27.15060373085543
162	26.82058178323313
163	26.218152631698096
164	25.75882487238959
165	25.25068143284988
166	24.80143207155742
167	24.279862581124682
168	24.030945956792486
169	23.620377212848318
170	23.2833498419186
171	22.967152357186926
172	22.424242877377758
173	21.621054131863275
174	21.10517390477434
175	20.055176410392953
176	19.668384942726327
177	19.224717168986892
178	18.996443091809844
179	18.746118723332977
180	18.600302471697425
181	18.004658176481826
182	17.757616280496222
183	17.490360742905978
184	17.143963268338666
185	16.909869676767812
186	16.661563182416103
187	16.445040366429566
188	16.284769844561197
189	16.050506736405616
190	15.741211350329644
191	15.616383879510062
192	15.48413665505995
193	15.096904291835921
194	14.94357165771998
195	14.79600462395228
196	14.59240813300766
197	14.45286452517666
198	14.136242278217646
199	13.984315380751463
200	13.71977849334416
201	13.596958815712236
202	13.469185439530515
203	13.335210514846944
204	12.766714980108185
205	12.667687316638874
206	12.53943116868595
207	12.425503580331677
208	12.32563589547044
209	12.0746849474699
210	11.872834503391454
211	11.640377849081231
212	11.446448742487517
213	11.322681537904826
214	11.156894285001725
215	11.05120680830714
216	10.95125953457591
217	10.765967946269479
218	10.573108955798483
219	10.444971352396346
220	10.14710223632846
221	10.011262237606383
222	9.94801842379365
223	9.847930680391977
224	9.52947126821436
225	9.458142943868546
226	9.377529982665688
227	9.226859558561952
228	9.055591416624335
229	8.837429341939238
230	8.665933174160267
231	8.60116468098476
232	8.515133519736077
233	8.458432705220725
234	8.33139432078587
235	8.108428216040005
236	7.950005974073968
237	7.7322631584602215
238	7.547193718309239
239	7.429007281715706
240	7.229829569513634
241	7.072957088405922
242	6.74675996955238
243	6.684626693423064
244	6.611302977944882
245	6.547209150895918
246	6.460904746275895
247	6.416438155767076
248	6.299370479580369
249	6.232919850197043
250	6.111343869196838
251	5.923508980500167
252	5.752338090168899
253	5.560490972856763
254	5.425515956739667
255	5.314438946108106
256	5.266754273772215
257	5.127157036662077
258	5.071519539207196
259	5.008234389573311
260	4.97657191984353
261	4.765252753607904
262	4.707822883723105
263	4.584722284354478
264	4.545470874883443
265	4.438341300282895
266	4.378354023490369
267	4.280042263958871
268	4.1698213556624015
269	4.102381978143507
270	4.052690989690285
271	3.9501305514745533
272	3.7990205729179203
273	3.6449452080464604
274	3.5405009051296426
275	3.3445588781009934
276	3.2896779871057293
277	3.2220112329791806
278	3.1775237789820454
279	3.148690676547172
280	3.1038129462372086
281	2.9995059615443966
282	2.946382502324464
283	2.8939484416018746
284	2.8528797423909924
285	2.802801789946439
286	2.647478928554388
287	2.598831971872183
288	2.5236425748348625
289	2.492458259153405
290	2.4679788762182358
291	2.417646855439212
292	2.396372648279335
293	2.3459112963969306
294	2.300367342620571
295	2.284736508583133
296	2.2576594251072453
297	2.2194248746013687
298	2.1739176559126423
299	2.1375180073878215
300	2.098329521795218
301	2.086222614759659
302	2.0537072677448083
303	2.020201466633348
304	1.9917280484273716
305	1.9770698907136603
306	1.9628257157185045
307	1.929464209895964
308	1.9009992685880617
309	1.8688663449850038
310	1.831621346022298
311	1.802057462702801
312	1.7510073992691515
313	1.7313479742244864
314	1.676701385362544
315	1.659307259081511
316	1.639927532181214
317	1.6213249939948993
318	1.567630769042121
319	1.534600165961133
320	1.515717185390936
321	1.498488760707228
322	1.48509338291728
323	1.4735306834652375
324	1.436544794388051
325	1.4113809147700023
326	1.3891827164068173
327	1.3584053216352414
328	1.3358788357897948
329	1.313354793734784
330	1.300657879552996
331	1.2745935134507773
332	1.2642956580884812
333	1.2433051057078002
334	1.2250437772090619
335	1.1790183371122067
336	1.1456344102079996
337	1.1291889634485373
338	1.099872789582146
339	1.0817510795350203
340	1.0740517118724668
341	1.0636137247038235
342	1.045425990510917
343	1.0245425243565436
344	0.9973785587289924
345	0.9785059270152444
346	0.9485005874821538
347	0.9187648517517985
348	0.8921291304259241
349	0.8754766525207699
350	0.8635860418407858
351	0.8399158454021701
352	0.8303233406959364
353	0.8162126118186236
354	0.7967716479542971
355	0.7766932873619182
356	0.7667513146725425
357	0.7587285646823104
358	0.7479725283969813
359	0.7372841056835525
360	0.7016603240822362
361	0.6890387299503075
362	0.6756066282485974
363	0.6665912115221274
364	0.6594991700929952
365	0.6464561268893433
366	0.6393205007160488
367	0.6357700527267937
368	0.6269030447036769
369	0.6196514607325938
370	0.6160532673273977
371	0.6067163096193966
372	0.6005295034882423
373	0.5927120311570164
374	0.589750902278918
375	0.5832080917184002
376	0.5740839672957307
377	0.5639398555953747
378	0.5568947067235357
379	0.5403559898708707
380	0.5136058601069022
381	0.5089773340600302
382	0.5020724856744281
383	0.4950386165159515
384	0.48809591638694916
385	0.483799077149736
386	0.4795677964893301
387	0.4728352893461605
388	0.4689172585812529
389	0.46160847976255615
390	0.4559337743875702
391	0.4516546493581999
392	0.44681094192895476
393	0.43395458233538453
394	0.42851386710065786
395	0.4248655263501704
396	0.4211077592037171
397	0.41871247088345886
398	0.4145987044884649
399	0.4109828670229334
Query round: 0 | Query Strategy: BADGE_sampling | Query Batch: 400 | Valid Query Nums: 75 | Query Precision: 0.1875 | Query Recall: 1.75 | Training Nums: 175 | Unalebled Nums: 49825
Files already downloaded and verified
openset ==> Test
Model_B | Accuracy (%): 84.00000762==> Test
Model_B | Accuracy (%): 83.70000457763672	 Error rate (%): 16.29999542236328
detected_unknown:  40681.0


Files already downloaded and verified
openset here!
Files already downloaded and verified
1	819681.04022789
2	648.4451555025712
3	531.4980169546739
4	435.960273205053
5	416.8215190756432
6	389.6478111136071
7	356.4782113343076
8	352.2901880913246
9	343.47486712269665
10	338.92111517720105
11	330.2112135963812
12	326.4356527405157
13	322.89508379272365
14	314.84676302246
15	305.6081270056143
16	300.2979391889944
17	294.35370910934347
18	289.2156155186071
19	281.0811646061315
20	275.08718519237067
21	269.4337640288117
22	260.8914819815377
23	256.95212230102106
24	251.8620230807405
25	247.7751409663301
26	244.4311325771682
27	239.19901545769014
28	233.95947297340675
29	229.95475228554054
30	227.0421277282708
31	223.83968555908135
32	219.4392806289666
33	207.1689613161557
34	199.86156137501305
35	197.79324873005456
36	193.35274195931336
37	190.65133227493564
38	180.3452818489291
39	177.94454661816192
40	176.61388770550323
41	173.21023026913238
42	171.00157014339996
43	166.44056621998382
44	163.40730539000427
45	159.96035566962158
46	156.71645255422985
47	152.7801887545625
48	148.4539746567439
49	146.98903465182005
50	146.57032776505142
51	145.43705069095225
52	144.1585873273048
53	142.62993413700818
54	138.60112220539807
55	134.5861013580775
56	131.38448864712473
57	128.11287361874338
58	124.47832471623178
59	122.07120806469675
60	119.72327840516436
61	117.45901382157672
62	114.37936508843768
63	112.97969830055581
64	110.77649438400613
65	106.98652994652139
66	104.63012349624978
67	102.63819634933816
68	99.60979055900452
69	97.47083113082545
70	96.00947363376827
71	94.36589903831691
72	90.77960006455169
73	89.07119552318682
74	86.96736375515093
75	85.96251270331186
76	84.75179752863687
77	82.18557117860973
78	80.0181740293533
79	78.79006741142575
80	76.64750883674922
81	74.60807739715301
82	73.41630658663553
83	71.99046942747873
84	70.6189161256675
85	67.70851588254072
86	66.82194340038905
87	65.1955429296554
88	61.38786566067347
89	59.95321094799647
90	59.503564564472526
91	58.54710977235436
92	57.14970033326745
93	53.61229543275612
94	52.09962403918826
95	50.97465495548886
96	49.555967731100736
97	48.715696059390666
98	47.712883554622294
99	46.789399169608714
100	45.691784638960144
101	44.90128703792789
102	43.794404584963104
103	42.99467673087702
104	42.26207842612848
105	41.350201986080265
106	40.01153523968742
107	38.15630419906438
108	37.55215730127156
109	37.03993530000071
110	36.27077699288702
111	35.562246145729205
112	35.00582847190299
113	34.10250422549643
114	33.05703895639954
115	32.301176954895254
116	31.487867821842425
117	30.897636015802615
118	30.30682988920807
119	29.739940245538943
120	29.18812622585892
121	28.759740698723814
122	28.215598184256574
123	27.63982765713217
124	27.066495407013914
125	26.459069499445373
126	25.89640022225421
127	25.475715944155578
128	24.76577979980129
129	24.351606673580587
130	23.91248009262699
131	23.751504620067404
132	23.416405108840532
133	23.361525548705227
134	22.715237637191873
135	22.029706892320515
136	21.44249458307922
137	21.159339482659103
138	20.808648104542495
139	20.563476524962876
140	20.307437143935655
141	19.89702168764006
142	19.590194539122873
143	19.18071727543383
144	18.863073294006877
145	18.49506029947906
146	18.163798351728015
147	18.007785093438994
148	17.492668253249118
149	17.252541658348033
150	16.91768480541532
151	16.65495328309362
152	16.11349460861993
153	15.49632648012948
154	15.072100345113993
155	14.773545583313078
156	14.536277835791678
157	14.183870022719473
158	13.889508000891054
159	13.505544377517706
160	13.175199372720725
161	12.856561912250525
162	12.540015380565363
163	12.301927458230692
164	11.724066311287514
165	11.480484330820671
166	11.17274493889772
167	10.947564327883354
168	10.666811503853294
169	10.458814599003288
170	10.316000380005333
171	10.229152452584001
172	10.155402537818643
173	9.936547067399713
174	9.779399302240106
175	9.464861121412012
176	9.214637037749979
177	9.121577356394026
178	8.96664023810217
179	8.791100684936735
180	8.575279612477514
181	8.375488464172575
182	8.267932881053182
183	8.204364263346632
184	8.080983077069957
185	7.99839692272826
186	7.902006727537353
187	7.760944698831279
188	7.53382203437968
189	7.4920011040017
190	7.289473210736558
191	7.2239798841023894
192	7.10262427599673
193	6.8392340925479385
194	6.708929368569896
195	6.620401681675956
196	6.567500920310065
197	6.441583761289165
198	6.351032831981227
199	6.278565333499953
200	6.131066790504063
201	5.9789480079439254
202	5.924523010524807
203	5.844563963008566
204	5.737159467371837
205	5.644712380203144
206	5.575550793739692
207	5.526626854273216
208	5.468635487439768
209	5.27164449084057
210	5.133848550799028
211	5.107974469731287
212	5.06442024193211
213	5.007756877760128
214	4.861110040536458
215	4.736037985673191
216	4.681301606139184
217	4.603820813139916
218	4.542478167703391
219	4.452641987493277
220	4.293532892606206
221	4.219949751636929
222	4.174662526241488
223	4.114073381273326
224	4.039827608017501
225	3.9791739619847677
226	3.907938960897579
227	3.8608611594297573
228	3.830360741854517
229	3.7373424181839683
230	3.6201236778995254
231	3.500027488958719
232	3.460784263561206
233	3.396594831814352
234	3.330534562562886
235	3.279707312434536
236	3.230737641293442
237	3.1514489403486987
238	3.0622285729766627
239	3.041072829079665
240	2.9738481998563184
241	2.9346484880268218
242	2.8750704751080303
243	2.837821466914418
244	2.7884780299580125
245	2.752195147397968
246	2.695434834874275
247	2.6528326608902244
248	2.6204486599278862
249	2.5654165776365954
250	2.5365286903659108
251	2.5053497093001607
252	2.47404141223228
253	2.4266411113519535
254	2.408565639608012
255	2.3550655982423887
256	2.3178130305338964
257	2.2683002120782003
258	2.1867867401767835
259	2.159069039238373
260	2.1379480359903464
261	2.0667090334029563
262	2.0422356102646955
263	2.0030932270021804
264	1.9780829560042983
265	1.9627701013193908
266	1.9278572652435721
267	1.9087322860902967
268	1.8610418982750596
269	1.8530125612339796
270	1.8028496498188795
271	1.7909855338691594
272	1.7778804422302963
273	1.7400947032053844
274	1.7201232588965902
275	1.6734232022542963
276	1.656447893485845
277	1.6203639996353993
278	1.5881648191714228
279	1.5578428869946472
280	1.5321869319184296
281	1.5133391963197462
282	1.4921856215048572
283	1.4711644502528978
284	1.4359890001066995
285	1.4213397085838986
286	1.4066284934231115
287	1.389466500113256
288	1.3783852134072256
289	1.341865326629202
290	1.320737548234545
291	1.306789342376076
292	1.2840275206292497
293	1.266129576173851
294	1.2490270059008688
295	1.2207660839578673
296	1.2099565154931022
297	1.1636736690124942
298	1.1491574616229607
299	1.1413934495358242
300	1.1217792857496514
301	1.0980969466327204
302	1.0862525351403727
303	1.0681909198065094
304	1.0522247426606535
305	1.0402445564413918
306	1.0222173123056544
307	1.007586109395559
308	0.9970077657508207
309	0.9754066499135641
310	0.9589640436879543
311	0.9470144346169016
312	0.9243792261740944
313	0.9149702406673421
314	0.8974615746362795
315	0.89053366978578
316	0.8806042729008803
317	0.8688771565973619
318	0.8506849383849138
319	0.8418467644515866
320	0.8325995871711009
321	0.8132779462176793
322	0.8055352739903563
323	0.7772536951962346
324	0.7666260081579119
325	0.7517407176320583
326	0.742126755486195
327	0.7341189240617021
328	0.715380879635857
329	0.6961868973723975
330	0.6925463867648867
331	0.6817425415194955
332	0.6625189055032459
333	0.6511522783241597
334	0.6396443601972785
335	0.6257168446011271
336	0.616019415230992
337	0.6092696832768049
338	0.602820399710479
339	0.5945803663037147
340	0.5904473620405476
341	0.5821183756863754
342	0.5680438694482725
343	0.5603337921140771
344	0.5525254709584694
345	0.5445125037742834
346	0.5393586341739344
347	0.5338185701956469
348	0.5260338021879513
349	0.5202189518575985
350	0.5166958870803434
351	0.5111195621890353
352	0.5011426545557903
353	0.4754430895433167
354	0.4679692697569614
355	0.46411007157041484
356	0.4496140943698471
357	0.4452878572370743
358	0.43631849813720935
359	0.432971411852234
360	0.4270878732223743
361	0.42078458188040957
362	0.4172202832313566
363	0.41190899389482427
364	0.40534070779255915
365	0.4023876742231757
366	0.3939739561411649
367	0.3914131489819944
368	0.38689889854333404
369	0.37938454004517796
370	0.37735207020352635
371	0.37149346755802315
372	0.3690383991550995
373	0.3662385368578477
374	0.36208569429333937
375	0.3592176885202868
376	0.3527795323960824
377	0.35020101660381686
378	0.3468865608648436
379	0.34299123364882933
380	0.34083461042689367
381	0.3376881948505549
382	0.3348966940837933
383	0.3328519129726125
384	0.32795069567589297
385	0.32532821436961756
386	0.3218785024466776
387	0.3165960142607652
388	0.3120043050157598
389	0.3003709002894062
390	0.28514735276416797
391	0.27829541272671815
392	0.273721163228172
393	0.2698932204600602
394	0.2665149532041347
395	0.26478441709343553
396	0.26219400283571087
397	0.2585435673470307
398	0.2557018884885998
399	0.25336677045095046
Query round: 1 | Query Strategy: BADGE_sampling | Query Batch: 400 | Valid Query Nums: 397 | Query Precision: 0.9925 | Query Recall: 3.2685714285714287 | Training Nums: 572 | Unal==> Test
Model_B | Acc==> Test
Model_B | Accuracy (%): 91.6500015258789	 Error rate (%): 8.349998474121094
d==> Test
Model_B | Accuracy (%): 90.9000015258789	 Error rate (%): 9.099998474121094
detected_unknown:  39833.0


Files already downloaded and verified
openset here!
Files already downloaded and verified
1	639211.0116142882
2	317.7787851229572
3	290.4468268290424
4	255.20083881768218
5	235.54091031470156
6	212.468353819035
7	208.22298152365536
8	196.22964092602191
9	189.99742409099989
10	182.9709855936147
11	165.86301237087744
12	160.95325576303574
13	156.05629240511033
14	147.7841030526818
15	143.20015068234923
16	141.23971183480742
17	133.82525129498964
18	130.82198114575866
19	128.2892831388074
20	122.91388521819891
21	117.33267630368053
22	111.64030469685375
23	105.47850860386669
24	103.87427289515315
25	100.63246129033203
26	98.31252951383638
27	95.5555712676053
28	94.32290894124006
29	91.16433075890225
30	89.22111246809644
31	85.38442490324658
32	82.20289848074597
33	78.87869546637219
34	75.52185962423962
35	71.60461161360425
36	70.56355986818951
37	67.47864935144597
38	66.08804775674642
39	65.0307205097545
40	62.89342692918425
41	60.79174593515044
42	59.15251675637254
43	57.71410965586828
44	56.99611971156836
45	55.79597444217351
46	54.727396659049454
47	52.924443892631
48	52.11262068064233
49	51.17060985054403
50	50.60236327614101
51	49.141457247393454
52	46.49230949844631
53	45.98343371118816
54	44.58296714987072
55	43.01998387541088
56	42.13552439418553
57	40.99052953925847
58	39.22446203437564
59	38.0044682178034
60	36.48736238755216
61	35.66992700375547
62	33.71861568252486
63	33.22444746764656
64	32.45515645745607
65	30.99104810956331
66	30.497713875802475
67	29.325103473695236
68	28.329507899316276
69	26.402832430633033
70	25.7837019752972
71	25.02696754450725
72	23.88240600673297
73	23.49128321854213
74	22.534014040944648
75	21.81072711419828
76	21.430619443175864
77	20.456521237609458
78	19.664958776868197
79	18.596007259524676
80	18.336430849469515
81	18.077753992713305
82	16.40738498317868
83	15.953429809686249
84	15.08245091783673
85	14.691813967105453
86	13.410176536914413
87	13.061169073737155
88	12.859556183970462
89	12.409852937615405
90	12.06043011025239
91	11.836683284340587
92	11.745104899921252
93	11.317392191209631
94	11.021404164057724
95	10.578022126883564
96	10.187320236891804
97	9.999867711991367
98	9.844917286962566
99	9.393114888395115
100	8.804393315042299
101	8.658128349349035
102	8.528424529597295
103	8.405961863840538
104	8.12355483337732
105	7.981144812986067
106	7.874278579935244
107	7.80851333691161
108	7.442890220418385
109	7.381278316008584
110	7.180466393458382
111	7.048598112500522
112	6.950266802645538
113	6.616140605465525
114	6.302526773468608
115	6.216592620038036
116	6.053548495196346
117	5.913178945802692
118	5.644685559133259
119	5.594213657239643
120	5.401231306792659
121	5.294624547661706
122	5.163894619048996
123	5.061854358018799
124	4.9613810062422
125	4.854424816649307
126	4.772868414502491
127	4.671297354607568
128	4.564424468188272
129	4.4042565654802175
130	4.013028446538364
131	3.9449285938870067
132	3.829489763779556
133	3.7347971163224334
134	3.6424608118148076
135	3.4866325146765935
136	3.3844257033677327
137	3.31206942715361
138	3.2369647286148298
139	3.1690427344044925
140	2.992043748473215
141	2.9004606306305405
142	2.806686357104617
143	2.771580992707449
144	2.676471799121636
145	2.626646331952351
146	2.604721331478494
147	2.484993768416907
148	2.4416150539448513
149	2.4066838077535877
150	2.336967547916437
151	2.2832473130231747
152	2.256794507176245
153	2.2165436991756806
154	2.175527869284714
155	2.1480423682635674
156	2.1060037696763985
157	2.080488080161821
158	2.044716337698709
159	1.9995732691052484
160	1.9531553361478375
161	1.938587416141026
162	1.9141608962702679
163	1.8520414831030296
164	1.7645727718857318
165	1.732755983867982
166	1.694350717052011
167	1.6563646789739226
168	1.620450287694702
169	1.5835238039592598
170	1.560717587927947
171	1.5226247884432171
172	1.503237286534649
173	1.4768797756817456
174	1.4709592621486898
175	1.4178161408465615
176	1.3875806975823155
177	1.34160468091185
178	1.3227604917895308
179	1.2753770650536256
180	1.2589973703355002
181	1.230212023705157
182	1.213832697123202
183	1.1941848222537959
184	1.1780671656503403
185	1.1611970579894335
186	1.1407674225689919
187	1.104512530648812
188	1.0888399624169909
189	1.0819869370103918
190	1.0598292390720092
191	1.0399945734849685
192	1.0216559199367699
193	0.9725775110388571
194	0.9548580141687711
195	0.926969377132686
196	0.9087624176451431
197	0.8939927843445407
198	0.872842247509347
199	0.8630970147484408
200	0.8264857422606514
201	0.8167581170843409
202	0.8046638177753852
203	0.7814268720382319
204	0.7661005611577497
205	0.7232669746141841
206	0.7060363223414828
207	0.6951726325748173
208	0.6884915195366053
209	0.6758696436842587
210	0.6609481283136706
211	0.654160129215747
212	0.6381710584575234
213	0.6273123099942172
214	0.6101464703221285
215	0.5994877199532102
216	0.5884179502702199
217	0.5732676509744369
218	0.5433192065323528
219	0.5297089395547591
220	0.5191546191336801
221	0.5096544126855423
222	0.5011574967639735
223	0.490593091292887
224	0.47090554218457503
225	0.46143499556647105
226	0.45203717334118954
227	0.4397859806373464
228	0.4271083641975867
229	0.4209101116463291
230	0.4109176257803785
231	0.40679555877034845
232	0.39281639481817665
233	0.386476549521952
234	0.3784592563444069
235	0.36782825344437997
236	0.3626166631207828
237	0.3540397084058289
238	0.3470566969105069
239	0.33761486110473315
240	0.333229005590177
241	0.32835354308793585
242	0.3204068856054012
243	0.3149507891126935
244	0.3109748379998867
245	0.3035376819258393
246	0.2996660659866923
247	0.2889010946112269
248	0.28088259156607664
249	0.2758897256363828
250	0.27199041911183786
251	0.2673637948256631
252	0.26100290867214726
253	0.2566584890959196
254	0.2547303732426447
255	0.2508236718354131
256	0.24818693441239545
257	0.24548265072417805
258	0.24143667253566334
259	0.23795788446342
260	0.23667470914302455
261	0.22957377629769168
262	0.2273603560315753
263	0.22530769034347783
264	0.22213054740860413
265	0.21761672987413092
266	0.21388465877652904
267	0.2114784106522127
268	0.21015315981612345
269	0.20872709843360623
270	0.20400059160574144
271	0.20176783700271314
272	0.19890257932974761
273	0.1979259538490585
274	0.1953077182963132
275	0.1926558329630059
276	0.19075727906972204
277	0.18446038490589736
278	0.18173586544077872
279	0.18004939764404818
280	0.17883235415110513
281	0.17348946204040103
282	0.17036874794032328
283	0.1685277971937684
284	0.16619681134218248
285	0.16572242618169533
286	0.1640079538192584
287	0.1631963219697571
288	0.16078675042083326
289	0.1580181378817759
290	0.15689839675192055
291	0.1546077183085334
292	0.15129475632286252
293	0.1494880833368132
294	0.14743922745653784
295	0.14709974729937195
296	0.14646159901764869
297	0.14522457273114533
298	0.1434602043488628
299	0.14210779172271554
300	0.1394214085134497
301	0.13792066106243123
302	0.13642298889016796
303	0.1314675303189649
304	0.12894430917670302
305	0.12759121796564482
306	0.12593439615314178
307	0.12403610358462953
308	0.12286428802629286
309	0.12147819097602093
310	0.12046099382435256
311	0.11937394861918489
312	0.11757274049189488
313	0.11651541038038755
314	0.11568387412903332
315	0.11467740133143463
316	0.11227084678516559
317	0.1113519633623103
318	0.11067515025995119
319	0.10986771145142922
320	0.10890216803882465
321	0.10697071600220949
322	0.10600481283832193
323	0.10460006005577367
324	0.10319189065673169
325	0.1021939305105239
326	0.10163147724638617
327	0.10040548153160996
328	0.09965236563989817
329	0.09821182622972953
330	0.09752488476506511
331	0.09659797532067711
332	0.09531402095736083
333	0.09467503224432547
334	0.09373594959897999
335	0.09283060900334347
336	0.09242529592002355
337	0.09202139441613652
338	0.09122461925717615
339	0.09017396154042998
340	0.08982128257441999
341	0.08939438581394696
342	0.08825713580741065
343	0.0875251710371718
344	0.08670931540463342
345	0.0863951989864806
346	0.08588819681395463
347	0.0852647464322733
348	0.08491770397760987
349	0.08451847587950609
350	0.08408854297833598
351	0.08285142146580468
352	0.08226231453538488
353	0.08182789748059036
354	0.08105719612202875
355	0.08067302276603214
356	0.08000910931675917
357	0.07948628115061893
358	0.0792305656557599
359	0.07878183223143906
360	0.07851329873967614
361	0.07781578289298038
362	0.076583936668801
363	0.07613197609699227
364	0.07582504857974157
365	0.07528229114714377
366	0.07473137897786983
367	0.07444802778072954
368	0.07425697441240373
369	0.07277777262320526
370	0.07252970578961324
371	0.07215288380653148
372	0.07175659848403668
373	0.07149014799926376
374	0.07126208575419254
375	0.07097591312986437
376	0.07063796655193541
377	0.0704451140648463
378	0.07015745468680064
379	0.0699900319626114
380	0.06974818001190682
381	0.06964413316318781
382	0.06922305035055172
383	0.06902732940793795
384	0.06872429797681474
385	0.06861355270689314
386	0.06833258919498815
387	0.0679553795397045
388	0.06751571667503993
389	0.0673650502338536
390	0.06714794015518817
391	0.06694855670306095
392	0.06676230371325471
393	0.0664850218863013
394	0.06623503392341275
395	0.06609461061901141
396	0.06589540322668382
397	0.06535335975488761
398	0.06513879331433299
399	0.0649558354020034
Query round: 2 | Query Strategy: BADGE_sampling | Query Batch: 400 | Valid Query Nums: 393 | Query Precision: 0.9849624060150376 | Query Recall: 1.687062937062937 | Training Nums: 96==> Test
Model_B | Accuracy (%): 94.05000305175781	 Error rate (%): 5.9499969482421875
detected_unknown:  38529.0


==> Test
Model_B | Accuracy (%): 93.05000305175781	 Error rate (%): 6.9499969482421875
detected_unknown:  39183.0


Files already downloaded and verified
openset here!
Files already downloaded and verified
1	503838.7541352463
2	300.8053776610719
3	236.72187393792737
4	221.93981342151127
5	214.94203810527287
6	204.53711664734473
7	199.73947267338698
8	195.4511549930281
9	177.92613573476743
10	161.31686750083063
11	156.0287421333447
12	151.64936643716246
13	148.80710191762373
14	143.28532047307417
15	135.60443265473765
16	131.8855031255476
17	128.98914928471964
18	125.75603408849165
19	122.84684354817327
20	114.00531789980195
21	109.88614771089814
22	107.50974186794662
23	103.92957288986833
24	101.38000828312539
25	97.96146875904701
26	93.95100166584193
27	91.56202986026942
28	90.22757290984332
29	87.95261644507585
30	82.2446721341071
31	79.30102832504375
32	75.95434045727191
33	73.29976820881305
34	70.50122737820087
35	66.2291912523174
36	64.43936402472494
37	62.24195701750753
38	60.34960157546041
39	57.64089805754659
40	56.02111251029012
41	53.41038710745809
42	52.18691677721975
43	51.080540665712334
44	49.95010448369024
45	47.66081667813299
46	45.51090555399017
47	43.94721719383554
48	42.309105244868576
49	40.916106787913606
50	38.868692187064454
51	37.38779118418056
52	36.308285800212204
53	35.17099186539012
54	34.37599197506965
55	33.58759408851215
56	32.562918003993715
57	30.30609558927567
58	28.355959523792578
59	27.40533618838849
60	26.97415878088536
61	25.804851129363257
62	24.651591971228804
63	24.131689235280234
64	23.570798951408086
65	22.285017985126203
66	21.809915109162418
67	20.93077608812341
68	20.037283210640034
69	19.91897795679646
70	19.165991683904885
71	18.381831367914444
72	17.37804861873842
73	16.63787593454576
74	16.161239614193207
75	15.714646180574663
76	15.328677733843096
77	15.041271259491213
78	14.175543775264986
79	13.596044828598268
80	13.201966089610822
81	12.810871241053563
82	12.373676937778827
83	11.88536239858472
84	11.477381747921344
85	11.150401693542834
86	10.13617073000164
87	9.593035880293927
88	9.341162390635462
89	9.177999972925635
90	8.853046267853232
91	8.505247354135962
92	8.04174223877594
93	7.979006655142755
94	7.784731335566492
95	7.477545700552171
96	7.164466492329255
97	6.873605482534502
98	6.773854786689797
99	6.613810240403425
100	6.342118918076765
101	5.954629629031431
102	5.665191163479492
103	5.5618339080206605
104	5.384503175675079
105	5.031469022094414
106	4.883647200822041
107	4.783750952392027
108	4.692447938639405
109	4.4268035438467885
110	4.100226528625669
111	3.8215488564779174
112	3.6974329051186454
113	3.5526187118698966
114	3.408502929417906
115	3.215503974391637
116	3.103610879315553
117	3.032585104796041
118	2.954913129776784
119	2.9064042323530397
120	2.854854182050573
121	2.7910815315404274
122	2.7227670042553167
123	2.6777770160474996
124	2.6445538361527237
125	2.513570796415976
126	2.413274185449651
127	2.3345890356882113
128	2.197960162507613
129	2.1020060217647796
130	2.0310237855824624
131	2.0024618693801557
132	1.763480134884546
133	1.696565732936094
134	1.6611403530637718
135	1.5816587991990192
136	1.5530331302411897
137	1.5041855168270077
138	1.4307017644965045
139	1.3771934567117088
140	1.3417780666473365
141	1.30148492817311
142	1.2769900455000849
143	1.246072058272645
144	1.212184557618954
145	1.18152345337198
146	1.1591457742475055
147	1.140073304923632
148	1.1050735191843584
149	1.0828705133340435
150	1.0738556698366182
151	1.0591649791627304
152	1.04311200943134
153	1.011462535376765
154	0.9835323804223178
155	0.9791029778939871
156	0.9531203026718201
157	0.9438619360162618
158	0.9231962913109298
159	0.8604271187141846
160	0.8454276028528936
161	0.8109605809182056
162	0.7868716021508105
163	0.7545104283540666
164	0.7399212285577476
165	0.724086963034594
166	0.7041089573627203
167	0.6836272610103576
168	0.6643243730464262
169	0.6562650362398442
170	0.6379994252861677
171	0.6230679226369346
172	0.6138789558113301
173	0.6045518310070718
174	0.5891789828315694
175	0.5740436545461733
176	0.5301472713174604
177	0.49673899452251646
178	0.4852834958867476
179	0.4738692493558716
180	0.4593477648507047
181	0.45144950836289865
182	0.43616597370443344
183	0.43027284919482156
184	0.40565231701260984
185	0.3955691575807947
186	0.388174897724312
187	0.3815556882333482
188	0.3756821659777785
189	0.3708874848151851
190	0.36707836407630623
191	0.35867316293924034
192	0.3483343237957257
193	0.34239369602336467
194	0.3377121174188602
195	0.33320283755928415
196	0.32949328783014664
197	0.32564014999242374
198	0.32137828517751643
199	0.31884373071649463
200	0.3152472709682712
201	0.30696393059612603
202	0.3036666324972117
203	0.29623749793087484
204	0.2851285315935428
205	0.28067917430557543
206	0.2738038971438499
207	0.26629986934135275
208	0.2624122871003891
209	0.2587209458817341
210	0.25474014525586597
211	0.2510252716462418
212	0.24812068817907115
213	0.24362922254719874
214	0.2393341057328797
215	0.23242260630711084
216	0.22752425282730823
217	0.22274777466434156
218	0.21807563885128897
219	0.21355007968274717
220	0.20975329233230863
221	0.20709032106110212
222	0.2049086407096041
223	0.20165181608307134
224	0.19637702853786718
225	0.19126437004091199
226	0.1894523805160446
227	0.18753193446103464
228	0.18516444879684
229	0.18194498120907096
230	0.1791810919447556
231	0.1776154390453115
232	0.17520430491173042
233	0.17420214035415424
234	0.1715914082513876
235	0.17081861025404518
236	0.16977372802544718
237	0.1668856729721568
238	0.16297400572794626
239	0.1610434674761194
240	0.1595908941338706
241	0.15833768814205482
242	0.15714811435769602
243	0.1545835189857456
244	0.1530771728158555
245	0.15044455241478258
246	0.14737593562186643
247	0.1447009808531305
248	0.142485000252563
249	0.14126010395911232
250	0.14029667614705937
251	0.13888768892947206
252	0.13771701103986794
253	0.13588841190075124
254	0.1343368666756674
255	0.13243432428875218
256	0.1307188538469432
257	0.12922994366171275
258	0.1273179790449745
259	0.1200419651656048
260	0.11932376825323128
261	0.11821041181290322
262	0.11750602204890721
263	0.11641622108479761
264	0.115320457355871
265	0.11456141651124337
266	0.11359446968399563
267	0.1120196178786514
268	0.110997379245056
269	0.11019695382547208
270	0.10846685478154679
271	0.10637330433727495
272	0.10473065947909528
273	0.10412933871877068
274	0.10297682147237448
275	0.10226892813106044
276	0.10158603570770448
277	0.10044074638378926
278	0.10012039120872625
279	0.09927062007640326
280	0.0984593127013937
281	0.09756335325984362
282	0.09703125566367272
283	0.09630560945144136
284	0.09599501933909234
285	0.09498865207198288
286	0.09433799874742728
287	0.09254955702918007
288	0.09185511152018218
289	0.09078420033902286
290	0.09019719946824263
291	0.08987690962174351
292	0.08908536459903611
293	0.08831700490673451
294	0.08766287624256815
295	0.08711987613525447
296	0.08643195477372242
297	0.08503721596138544
298	0.08471642562420098
299	0.0842503975401527
300	0.08358148680067498
301	0.0829340542806207
302	0.08256783052288338
303	0.08207411029083997
304	0.08170116138003178
305	0.0811576724046503
306	0.07993847605771262
307	0.07927072936194432
308	0.07900215841413424
309	0.07856544915153305
310	0.07837057789179622
311	0.0777313732574427
312	0.07672726374908476
313	0.07639826528934887
314	0.07592319853397808
315	0.07550376738968365
316	0.07509417707647256
317	0.07467884076070416
318	0.07412089285683263
319	0.07344234065860886
320	0.07313278595868408
321	0.07285762165391671
322	0.07250320951056463
323	0.07191947159657983
324	0.07144097001941671
325	0.07118030400665273
326	0.07105005278203433
327	0.07061687427989935
328	0.07016828942730766
329	0.0696867911669656
330	0.06889078083847974
331	0.06841083413971913
332	0.0681518745572944
333	0.06799750933210189
334	0.06784605141224628
335	0.06775581166004227
336	0.06726865806705715
337	0.06703039488785831
338	0.06681722456561798
339	0.06672911059433059
340	0.06651545345231821
341	0.0659740098650374
342	0.06567055735069258
343	0.06532755581576308
344	0.06498999076315923
345	0.064757073491954
346	0.06450042509736417
347	0.06420432276230767
348	0.06396134752743873
349	0.06376048206431759
350	0.06366949879004122
351	0.0634607384839185
352	0.0632557104183604
353	0.06295099139072133
354	0.06275499595129472
355	0.06230157952675782
356	0.06202704303585179
357	0.06166792362499237
358	0.06154278142993249
359	0.06135122006879797
360	0.061226954860768644
361	0.06089933592259641
362	0.060765324812227704
363	0.0603671369104903
364	0.060216336126022584
365	0.06006651581217156
366	0.05998611714244092
367	0.05990413413758674
368	0.05977132656346825
369	0.05970529187846282
370	0.05965580858549387
371	0.0593675910241744
372	0.05924000527328573
373	0.059051982408395674
374	0.058826377474592705
375	0.05865109243709284
376	0.058541648552226065
377	0.058474017164837876
378	0.05838178065051821
379	0.05823274189884572
380	0.058123736856455964
381	0.05804799240965238
382	0.05791453939893373
383	0.05769998088160563
384	0.05754326727008149
385	0.057402758618697335
386	0.05735318194972635
387	0.057278475916679526
388	0.05658059755176211
389	0.0564170938309276
390	0.05634062227221378
391	0.0562467255662655
392	0.056176034206541346
393	0.05610022558215363
394	0.055960785939487466
395	0.055828484729969007
396	0.055701180871797505
397	0.055480401110703924
398	0.055455687576700684
399	0.05543209548956348
Query round: 3 | Query Strategy: BADGE_sampling | Query Batch: 400 | Valid Query Nums: 389 | Query Precision: 0.974937343358396 | Q==> Test
Model_B | Accuracy (%): 95.30000305175781	 Error rate (%==> Test
Model_B | Accuracy (%): 95.00000762939453	 Error rate (%): 4.999992370605469
detected_unknown:==> Test
Model_B | Accuracy (%): 94.95000457763672	 Error rate (%): 5.049995422363281
detected_unknown:  38663.0


Files already downloaded and verified
openset here!
Files already downloaded and verified
1	498614.3880586624
2	231.96576842270008
3	213.34971436462507
4	171.7540834804546
5	166.49196417001224
6	148.74095875886417
7	141.56051848703794
8	136.80356312813967
9	132.4912905794641
10	128.67712905249357
11	125.17965532015808
12	118.27488494585998
13	115.43961191843991
14	110.3855564660931
15	107.42966557215698
16	96.69613117136902
17	93.64759558596558
18	89.15399363072495
19	85.09148302109818
20	80.64215889008622
21	77.49485363991838
22	74.66067400010212
23	71.37414207490067
24	68.69410684140306
25	66.03123699332492
26	63.41709242964999
27	60.9951146712424
28	57.16101013258004
29	53.968253956585166
30	51.38821539661286
31	50.962029982417796
32	49.0732040890157
33	46.49407868465779
34	43.58269314846394
35	41.90224723896382
36	40.36825530609487
37	37.02198569855093
38	34.7495855577886
39	32.2594762702079
40	30.434414591321488
41	28.311176612086943
42	26.933638646312406
43	25.50831369606161
44	23.816802755508913
45	22.38517755616115
46	20.310917912601806
47	18.552981076963558
48	17.76211359930814
49	17.569482146032467
50	16.840793687600602
51	15.450037557382096
52	14.279377713375222
53	14.123875677161347
54	13.023275368713737
55	12.413271568320422
56	11.552221081755786
57	11.01222200887926
58	10.35913897501953
59	9.474396536226347
60	8.593294435629582
61	8.324834556767678
62	7.585713954159951
63	7.1150358015561554
64	6.946682129369515
65	6.694746319518822
66	6.533961382077473
67	6.146278176392595
68	5.61459707443421
69	5.363540103711353
70	4.960245614327073
71	4.712555510341668
72	4.452623512319883
73	4.1959165564772105
74	3.9923714331385116
75	3.729723178505562
76	3.636298860589274
77	3.437424370843043
78	3.3026028012013975
79	3.238611377854364
80	3.1601393968653846
81	3.0962103057632038
82	3.008833672417065
83	2.909310310495609
84	2.821520614763837
85	2.665894079348188
86	2.5878488452640585
87	2.482817672999342
88	2.394639299126108
89	2.3132169809637397
90	2.1264695032318977
91	2.063513229676143
92	2.007061976083175
93	1.8810045346895339
94	1.826508179334748
95	1.8047507126161935
96	1.757325554294336
97	1.6885096699902777
98	1.6274859839091067
99	1.5135103323468928
100	1.452759009690023
101	1.3777978453659006
102	1.324205673456642
103	1.291332275763604
104	1.239046425715539
105	1.2149704202716083
106	1.136760764912221
107	1.0901444304440946
108	1.0663705162410468
109	1.0439308693512674
110	1.0307563699662086
111	1.0189112292719318
112	1.0013224406284524
113	0.9726483596077982
114	0.9152359364143434
115	0.8750380722395006
116	0.832808714132649
117	0.7705096006448244
118	0.7353781946058249
119	0.7087677654281166
120	0.6624351080909279
121	0.6466696410084538
122	0.6382422911392738
123	0.6180741779699261
124	0.5866586683314623
125	0.5520460288771816
126	0.5476716107023336
127	0.5216602200908043
128	0.49180601558512227
129	0.48381073701059596
130	0.47292723270677617
131	0.4643271568980041
132	0.454775709081811
133	0.44477640663310614
134	0.428791790390757
135	0.4176510694719824
136	0.39667176188006725
137	0.3924440861497047
138	0.3846102672446492
139	0.3805027139487962
140	0.3671943064980737
141	0.36304782486675
142	0.35704392480445357
143	0.3470530231182024
144	0.3421784079862632
145	0.33421087478714206
146	0.32900952202694633
147	0.3186596093416042
148	0.3150307153533972
149	0.31057740783640064
150	0.3045700549620519
151	0.29429461461327405
152	0.2855891448336038
153	0.2811678720528576
154	0.2461133553976495
155	0.2434193238247488
156	0.2362822427045856
157	0.23020740436430315
158	0.22477027891244034
159	0.22093683272640446
160	0.21416227281832362
161	0.21138138959457392
162	0.20654003678162808
163	0.19646833913673872
164	0.19287392084759886
165	0.18883698137750143
166	0.18515483808976824
167	0.18218231487361009
168	0.17884053197502253
169	0.17614905117823837
170	0.17080585701881573
171	0.16740751682339833
172	0.16370615853969211
173	0.15807902389564815
174	0.15591304008239176
175	0.1528689943193015
176	0.14917932454818156
177	0.14653928156797774
178	0.1441174724235978
179	0.1430546673577126
180	0.14198548418738283
181	0.1361108732157234
182	0.13384336328402496
183	0.13133791734383776
184	0.1287398924297875
185	0.12696687229361742
186	0.1248337155897687
187	0.12255241114024358
188	0.12110726364692966
189	0.11916052088377711
190	0.11691123926317033
191	0.11378218586792883
192	0.11149846021322248
193	0.10978468452065755
194	0.10883001677410249
195	0.1080601770938145
196	0.10634487928308119
197	0.10478689893642042
198	0.1041190562493128
199	0.10200881503549937
200	0.09829377883141462
201	0.0969614153684077
202	0.09576800634590228
203	0.0931662431705675
204	0.0922471762733565
205	0.09140053367996899
206	0.0878959517340789
207	0.08699322475663536
208	0.08664430874128044
209	0.0844198347600937
210	0.08373944870731549
211	0.08292622145045954
212	0.08122925823800671
213	0.07923867327388763
214	0.07894988328387882
215	0.0784729733078919
216	0.07771719413156149
217	0.07618216383545402
218	0.07565376231488515
219	0.07500286575851974
220	0.0737890028951604
221	0.07285261520630755
222	0.07185991172193625
223	0.07086139608620741
224	0.07012055004927405
225	0.06943550001344719
226	0.06869222235130863
227	0.0680259133520515
228	0.06715371305532543
229	0.06652672617989382
230	0.0661278714839348
231	0.06507279945859708
232	0.0645128720285932
233	0.06399766883320197
234	0.0633939390906228
235	0.06266751877470894
236	0.062130505576227076
237	0.061148899498824245
238	0.060081126409080095
239	0.059474952795660126
240	0.05896485328029328
241	0.05842778359127649
242	0.057967343298322045
243	0.05767383893706963
244	0.05724234356765762
245	0.05647016713087467
246	0.05613633909303601
247	0.055603215202942376
248	0.05532398817864887
249	0.05481080871810846
250	0.05433554374787448
251	0.05382269615831276
252	0.05296791678580987
253	0.052370672366186706
254	0.05184216374352175
255	0.05160330079258486
256	0.05141756334803133
257	0.051307004109794004
258	0.050800599264284325
259	0.05033363686113219
260	0.05013031179530642
261	0.04952293141031667
262	0.049368857150690455
263	0.048916391190865834
264	0.048465244755058375
265	0.047991469114927195
266	0.047680045029275316
267	0.047409186564047086
268	0.0473063406121323
269	0.04697899676336554
270	0.04671151915915423
271	0.04661177542439993
272	0.04629596188694513
273	0.04620158547711135
274	0.04582956605533645
275	0.04571938755338784
276	0.04547457573584985
277	0.04519918584787525
278	0.04473743064204178
279	0.044625787544270774
280	0.04442562970469872
281	0.04419059194295833
282	0.04402256375416264
283	0.043861491180188845
284	0.0437469721462957
285	0.043666243011778856
286	0.04329094364651915
287	0.043196849019971846
288	0.043110972609377636
289	0.04291439961957017
290	0.04263103145299247
291	0.04238648397463258
292	0.04227425768717658
293	0.04224780878942375
294	0.042172036242871865
295	0.04213343286255906
296	0.0420314350617474
297	0.04181273610311393
298	0.04171353666874395
299	0.04159743471513551
300	0.04154842264228549
301	0.04151492592989765
302	0.04142902967776703
303	0.04124380853516581
304	0.04113743444230007
305	0.04104618299805392
306	0.04092664286793575
307	0.04083232534242694
308	0.040773550546083295
309	0.04070173268622153
310	0.04056193191777009
311	0.04053672673659765
312	0.04043131630877479
313	0.04038133555149255
314	0.04028283226867142
315	0.04019441642139494
316	0.04005596937497753
317	0.03999110715082051
318	0.039933272473684236
319	0.03981358516099416
320	0.03974978243419454
321	0.039599020731040116
322	0.039569384665605514
323	0.03951217808914827
324	0.039440892708804756
325	0.03939602983445774
326	0.039343694271516585
327	0.03926949683518295
328	0.03921186500083103
329	0.039169142698862916
330	0.03897966587817288
331	0.038943883540809535
332	0.038883901201053075
333	0.03882356283052198
334	0.038791574831538125
335	0.03870796431421604
336	0.03866517829631584
337	0.038596258381250206
338	0.038536539402076866
339	0.038502175574897504
340	0.038449555862164655
341	0.038423239189567096
342	0.03838228175389742
343	0.038344480569908204
344	0.0383066109240144
345	0.03826342545590085
346	0.03822194390823204
347	0.03818985903244827
348	0.038171151637741166
349	0.03807661357022636
350	0.03804893920532533
351	0.03801872939245894
352	0.037945800810373645
353	0.03792869959132723
354	0.03789641950160068
355	0.037861526542735294
356	0.03783552596458968
357	0.037802740090307554
358	0.037779585032127375
359	0.03774922512946084
360	0.03772437158226723
361	0.03764032564310611
362	0.03761767405338219
363	0.03759535006846022
364	0.03757528782769555
365	0.037555092308667784
366	0.03753408709561086
367	0.03750858066958358
368	0.037485125897165975
369	0.03747016162029944
370	0.03743469893758196
371	0.03741509152693219
372	0.037390603896860955
373	0.037362811380376296
374	0.03734571804773186
375	0.03732317229625544
376	0.037291122629031295
377	0.03727235493846877
378	0.037240192924801366
379	0.03722756973496928
380	0.03720658640388237
381	0.037188209865163205
382	0.037172956076502575
383	0.03712502093121302
384	0.03710547753080036
385	0.03708536564708638
386	0.03706486386750481
387	0.037054969480555935
388	0.03703157232723715
389	0.03701604833679557
390	0.0370026327442476
391	0.0369867673604178
392	0.036965182353454654
393	0.03691645077867396
394	0.03690776538712488
395	0.036899050154145144
396	0.036879860763631214
397	0.036857137471426896
398	0.036846873887035184
399	0.0368361782175189
Query round: 4 | Query Strategy: BADGE_sampling | Query Batch: 400 | Valid Query Nums: 390 | Query Precision==> Test
Model_B | Accuracy (%): 96.30000305175781	 Error ==> Test
Model_B | Accuracy (%): 95.85000610351562	 Error rate (%): 4.149993896484375
detected_unknown:  37390.0


Files already downl==> Test
Model_B | Accuracy (%): 96.45000457763672	 Error rate (%): 3.5499954223632812
detected_unknown:  38221.0


Files already downloaded and verified
openset here!
Files already downloaded and verified
1	553356.9007897377
2	155.47747485712947
3	141.36911885813655
4	109.3940209627695
5	102.07660548692417
6	89.13929243069339
7	83.5330249784534
8	79.63697666335116
9	76.33085148208971
10	73.09433619850512
11	68.54781922087619
12	65.6954577802176
13	60.7061351178641
14	55.90512591455677
15	52.701962409956245
16	50.53163355444172
17	47.250554500562934
18	44.64913672064045
19	40.77199998353223
20	39.33162095998029
21	34.39121693076647
22	32.26650851668871
23	30.358517584224106
24	28.904240545649888
25	25.857265409846658
26	24.804528531451577
27	21.68271976413285
28	20.96408557595765
29	20.139092237172516
30	18.448583156285675
31	16.852766968026625
32	16.219176492326877
33	15.06394704305472
34	14.271388283516496
35	13.759629838336474
36	12.27002892659999
37	11.663251795042525
38	11.097235723217237
39	10.449419977704165
40	10.004813435116885
41	9.458392398992656
42	8.803319721523222
43	8.137372433248457
44	7.620652138296066
45	7.21185368917628
46	6.73708146188852
47	6.255032378456747
48	5.7075465500570886
49	5.41859714987055
50	5.177771407387411
51	4.918649389616405
52	4.564423739186678
53	4.279273650816831
54	4.073713587833991
55	3.8904053692572793
56	3.628216462475904
57	3.3536237921112493
58	2.930352881132932
59	2.768309793948503
60	2.62395754928417
61	2.5624399083358744
62	2.3237266879773975
63	2.2607900537628316
64	2.079778426814811
65	1.9421874745972327
66	1.9287440063913546
67	1.8401812761026686
68	1.6915963291126555
69	1.4684757249365812
70	1.3666193405102254
71	1.3268810713084909
72	1.223624468311356
73	1.1663813949522246
74	1.125245146682175
75	1.0573485514574363
76	1.0207679888658836
77	0.9613576655934241
78	0.9281411311690692
79	0.8700434333746317
80	0.8339654250954128
81	0.8088167595629431
82	0.8000801496160067
83	0.7605012341987832
84	0.7410726792764409
85	0.7190248736765726
86	0.6792692834165438
87	0.6494735086685625
88	0.6222421442603819
89	0.5883145508692552
90	0.5637262241667133
91	0.5424369221305471
92	0.5133976751690726
93	0.4811736854277898
94	0.46949416398700683
95	0.4555929054828868
96	0.441121328933774
97	0.42726299634403964
98	0.4135993323308741
99	0.40116739040439475
100	0.3890599012394761
101	0.37376279313337923
102	0.36217428428017107
103	0.3538282528602382
104	0.34728970807873216
105	0.34083379558182847
106	0.33124021204889564
107	0.3246090286108926
108	0.3107895069626907
109	0.3089051551289672
110	0.3040844531576554
111	0.2987197045083564
112	0.28873311205165797
113	0.2794303525085966
114	0.2701640346865575
115	0.26159422042178315
116	0.25885276577014205
117	0.2540636019973577
118	0.24770577943013322
119	0.24354815336005103
120	0.24009786631972801
121	0.23113560017259138
122	0.22478493467474314
123	0.21921047313639852
124	0.2149779007447693
125	0.20688152431080076
126	0.2000682868066962
127	0.1923975918445523
128	0.18941769721021606
129	0.1842511570457065
130	0.18107291497329803
131	0.16787606696055823
132	0.16587590784223372
133	0.15863512294248372
134	0.15144347237304479
135	0.14811210987039533
136	0.14615716716156033
137	0.14568934792708763
138	0.1442213374425295
139	0.14319815123800925
140	0.14150738329973808
141	0.13909010557151066
142	0.13709173820140438
143	0.13453115240596833
144	0.1334431489526354
145	0.12758235071416252
146	0.12468412026393468
147	0.12093694512938541
148	0.11834993288127166
149	0.11660720249844175
150	0.11304081428008189
151	0.11159120452268084
152	0.10889235580017825
153	0.10691383165450802
154	0.10302014704549706
155	0.10090676145384109
156	0.09960685888992643
157	0.09799449364410734
158	0.09324206331302648
159	0.09231258743466114
160	0.09138296791263528
161	0.0898619037112654
162	0.08836724436753102
163	0.0874346884889961
164	0.08475033021443196
165	0.08341600457117565
166	0.0811903363679663
167	0.07971458947520077
168	0.0758492352973677
169	0.07447197987107629
170	0.07112393419424606
171	0.06929701841602182
172	0.0667782765954415
173	0.06482883008018675
174	0.06378637829734984
175	0.0633405041743616
176	0.06223879996880882
177	0.061491069828234546
178	0.06043534089627528
179	0.0589213592575662
180	0.05796501029914097
181	0.0565053551800348
182	0.05578132475426273
183	0.05516720727251695
184	0.05454666581868978
185	0.0537757873353813
186	0.052457780442692725
187	0.05198283319992797
188	0.05102278997588755
189	0.05060503254898535
190	0.05003328235608123
191	0.04955750354816019
192	0.04903649342900224
193	0.04866258687818942
194	0.048384428517446454
195	0.048092859388115416
196	0.04798964188942506
197	0.04739441994710575
198	0.04721349985748674
199	0.046709345530781265
200	0.0463218586454795
201	0.045329380191925284
202	0.04505450430670038
203	0.04471844682681564
204	0.044153763656292144
205	0.043479761900167946
206	0.04258998312909995
207	0.042415764791466304
208	0.04208206690712274
209	0.04147617145010912
210	0.040973565702211945
211	0.04008371527109006
212	0.03987627985864123
213	0.03927252433006828
214	0.03861845188751062
215	0.038375380944695225
216	0.03826021296210996
217	0.03790357814525663
218	0.03759584885213002
219	0.03730116214958429
220	0.03707727365783825
221	0.036712424903294905
222	0.036371186536622135
223	0.03604290166075913
224	0.03583930272979302
225	0.03562251720249293
226	0.035357885763725394
227	0.035136936387781655
228	0.0349742909991116
229	0.03405346422436623
230	0.03391253500080411
231	0.0336760959738976
232	0.03334232969438718
233	0.03314986828638185
234	0.033078429667620826
235	0.032886401255491096
236	0.032677781084290716
237	0.03233478112096806
238	0.03209982895359305
239	0.03180771180061244
240	0.03156130145518661
241	0.031471579548198195
242	0.03086570487514224
243	0.03080713352174642
244	0.030690187498847065
245	0.03054769320195889
246	0.03045660799412404
247	0.030411601776136065
248	0.030233851071946715
249	0.029956902280949448
250	0.029853904268775166
251	0.029799552250578797
252	0.02964139759754276
253	0.02953616941481003
254	0.029443650786147812
255	0.029324582904833262
256	0.029204374123209375
257	0.02896037750850995
258	0.02891090056421548
259	0.02872617696614783
260	0.02861920583002815
261	0.028521477422901297
262	0.028430678172144907
263	0.02836077973398028
264	0.028267903756330325
265	0.028155641550057963
266	0.02788060819332878
267	0.02778104482607142
268	0.0277345792907125
269	0.02760491743321276
270	0.027547034621875865
271	0.027417517861522866
272	0.027367272699394162
273	0.027187958494994623
274	0.02714567492255744
275	0.027076754051566686
276	0.02700657078287667
277	0.02693251911307788
278	0.026888015962075306
279	0.02680482757848741
280	0.026713850779770686
281	0.026657396493675
282	0.026548392454997915
283	0.026480904392790782
284	0.026441610398158465
285	0.026406278917182013
286	0.02636941571266822
287	0.02630652696074127
288	0.02626407608453325
289	0.026230785384302967
290	0.026012168275645186
291	0.025972065674739375
292	0.025937176550303653
293	0.02585852049445554
294	0.025799065673470855
295	0.025728969367829157
296	0.025695007426821247
297	0.025631635305745148
298	0.02555127940066144
299	0.025521182578432344
300	0.025480541331982364
301	0.025397502704928753
302	0.025332464265867726
303	0.02531050438714517
304	0.02526410451768386
305	0.02517430934180227
306	0.025122943896841728
307	0.025061428272730675
308	0.02496726323943361
309	0.02492980238881299
310	0.0248988928057386
311	0.02486302115361167
312	0.02482442948533998
313	0.02478592223574478
314	0.02472456920745853
315	0.02470336915334099
316	0.02466965451805298
317	0.024642323894855496
318	0.024579074104454764
319	0.02452576173305194
320	0.024502198376061886
321	0.024482966280451608
322	0.02445867264923824
323	0.02441850855355538
324	0.024397346559982776
325	0.024356379437069205
326	0.02432215246297515
327	0.024298123584902083
328	0.0242826569981281
329	0.02427211654570611
330	0.024240880368230418
331	0.02421022582384131
332	0.024166402752958956
333	0.02414599930889045
334	0.024131849705005433
335	0.02411461952251221
336	0.024083726585009853
337	0.024059883472906503
338	0.02403648328381342
339	0.024012607669097914
340	0.02399898658440753
341	0.023978639770242456
342	0.02396274182104536
343	0.023941083487110167
344	0.023923944871634024
345	0.02389989973244406
346	0.023880991044736906
347	0.02386141128636405
348	0.023850041728112732
349	0.02383151919366073
350	0.02381641530116669
351	0.023796378667225344
352	0.023779407981760432
353	0.023762872126621933
354	0.023756165978211126
355	0.023739137333721967
356	0.023719682209479682
357	0.023709592545832887
358	0.023695311803606796
359	0.023674692310890873
360	0.02366522187671178
361	0.02365574960717238
362	0.023642298804410107
363	0.023635125362310223
364	0.023620305086118183
365	0.02360365565237183
366	0.02359530899666746
367	0.023581417033747894
368	0.023563555612767413
369	0.02355431773683831
370	0.023541299629854802
371	0.023529039372973966
372	0.02351469119145639
373	0.023507377895189592
374	0.023500588981083155
375	0.02349417549879957
376	0.023486900049592925
377	0.023483297684324618
378	0.023469581222914378
379	0.023453779028107948
380	0.02344296845575953
381	0.023434256216234163
382	0.02342198475045818
383	0.02340956831605665
384	0.023405925070593116
385	0.023392135529394432
386	0.023386960270851388
387	0.023374135567004052
388	0.023367992271808836
389	0.023355348612888994
390	0.023350191256098253
391	0.023344267094981476
392	0.023340440920347462
393	0.023331236696847647
394	0.023320985807529816
395	0.02330973619298502
396	0.023304949902993123
397	0.02328850574765793
398	0.023281326523098646
399	0.023254607067109724
Query round: 5 | Query Strategy: BADGE_sampling | Query Batch: 4==> Test
Model_B | Accuracy (%): 96.75000762939453	 Error rate (%): ==> Test
Model_B | Accuracy (%): 97.00000762939453	 Error rate (%): 2.9999923706054688
detected_unknown:  36992.0


Files already downloaded and verified
op==> Test
Model_B | Accuracy (%): 96.95000457763672	 Error rate (%): 3.0499954223632812
detected_unknown:  37811.0


Files already downloaded and verified
openset here!
Files already downloaded and verified
1	614499.0647730827
2	137.4336957707823
3	122.28991738466397
4	95.00737460508793
5	82.95913632765266
6	75.95542260065531
7	72.49663950751392
8	65.93636520152774
9	63.46135635798648
10	60.50916172386
11	57.98006867951565
12	56.14401305626463
13	51.69054757905044
14	47.85519968819656
15	43.71728216958082
16	41.58503877472912
17	38.22025400757638
18	34.0290250207131
19	33.014984174451904
20	31.76460711546907
21	29.54167477675447
22	27.807135506353475
23	25.398052742059477
24	23.854502489145048
25	22.24804382520462
26	21.17220382886672
27	18.98009710508132
28	17.732813157078013
29	16.995021261211612
30	14.40718821429847
31	13.431204980845463
32	12.89427942656995
33	12.068267703022238
34	11.440473973716971
35	11.068004786934134
36	10.70307823892882
37	9.949196486437822
38	9.637988655531908
39	8.762225886277983
40	8.488497542867217
41	7.81737141562417
42	7.235941128818472
43	6.668086496631537
44	6.46649167168153
45	6.064997322706865
46	5.748641554691864
47	5.446826014249388
48	5.337481647311512
49	5.029252439231647
50	4.805781799645053
51	4.577991308877251
52	4.22719111642801
53	3.975018825149171
54	3.7741076906240854
55	3.6724289913690957
56	3.511451389364091
57	3.318079706004944
58	3.035349617770414
59	2.8375793603190753
60	2.7799545722582546
61	2.375307055400761
62	2.116397986399086
63	1.9345145320762713
64	1.8827101907004435
65	1.7852748802174647
66	1.7329311056305488
67	1.6668762566764677
68	1.5830214621742094
69	1.5112499447782362
70	1.4394758999783408
71	1.3920863558428287
72	1.3227106983299641
73	1.2897490988011746
74	1.2524612637694268
75	1.213446510959223
76	1.1824921386268061
77	1.1325410807456893
78	1.1003354372259155
79	1.0663369199063555
80	1.0439713014092222
81	0.983913213232775
82	0.9572998976654008
83	0.9160212224668458
84	0.8938582821136907
85	0.8125915659692355
86	0.7910618703334722
87	0.7576966464583921
88	0.7412753080178691
89	0.6915091737799983
90	0.6554351644089209
91	0.6145095113349799
92	0.5947977598441483
93	0.5792702472997533
94	0.5586534272433781
95	0.5464955669731424
96	0.5219265133191655
97	0.4967969454874108
98	0.4818774977748106
99	0.4698146403629906
100	0.4437743433613903
101	0.41678722470943086
102	0.4046852792421376
103	0.39148926058306444
104	0.369421326308391
105	0.3560591710124825
106	0.3463063405220126
107	0.3344984983418797
108	0.3249199341376041
109	0.31769992303271266
110	0.31275687701236876
111	0.3089177222846118
112	0.28571084755640896
113	0.2755707451997366
114	0.2570170165737479
115	0.25314342409831875
116	0.2358202392052888
117	0.22688209151886693
118	0.2226130930058687
119	0.2203127577951207
120	0.20876874253657005
121	0.20283744128699507
122	0.19465295695989224
123	0.1907366132858286
124	0.1886673275643105
125	0.17979101504023023
126	0.17523438659998905
127	0.17151347258630525
128	0.17037960853929948
129	0.16650335387829077
130	0.16342327242649193
131	0.16065730559444805
132	0.15341820650827034
133	0.14890585457067834
134	0.14614244351026434
135	0.14340743305249512
136	0.13773800599430083
137	0.13601584754403725
138	0.1335066184260328
139	0.12933948401812506
140	0.12753776645738674
141	0.12586448864065153
142	0.12446482978746337
143	0.12114363849148196
144	0.11866417932308343
145	0.1157951130851203
146	0.11342635977482735
147	0.11191906995075135
148	0.10978644323470382
149	0.10674585547233312
150	0.10599368935502446
151	0.10509318557988229
152	0.10311695609662058
153	0.10146900489881011
154	0.10032226311816578
155	0.09836097102888891
156	0.09700249782108733
157	0.09645067999461082
158	0.09521705668741026
159	0.09444868389838496
160	0.09021113272175546
161	0.0888156497857509
162	0.08660118938488642
163	0.08391626766016463
164	0.08330825348449628
165	0.08126202067425228
166	0.07946820748103536
167	0.07782000703802086
168	0.07694838084345437
169	0.0765235688977342
170	0.07530609012790282
171	0.07501603783200753
172	0.07400535551457924
173	0.07350646527809349
174	0.07031616944870936
175	0.06982942115566718
176	0.06884861255922917
177	0.06773816172891858
178	0.06656467793902013
179	0.06440903656231714
180	0.062674448642035
181	0.06232142430086899
182	0.06131382559248525
183	0.06061848542565688
184	0.05984378115652337
185	0.059281154164345685
186	0.05836097215404127
187	0.057169918716390135
188	0.05659818122494901
189	0.056172661162968075
190	0.05561805681245605
191	0.05510129158538039
192	0.05475483347581903
193	0.054242181488895404
194	0.05392250390730883
195	0.053367202346585464
196	0.05306037761501873
197	0.05278131258786093
198	0.052546698179440944
199	0.05170106385915577
200	0.051160416378053276
201	0.05058884296298064
202	0.04974611960781775
203	0.04932037259300163
204	0.048542997397191846
205	0.04790883882097322
206	0.047465329152544235
207	0.047026695980235934
208	0.046809785672513406
209	0.046657999480503455
210	0.046495970816595324
211	0.04625820123836103
212	0.045661951529455215
213	0.04530351861974861
214	0.04505735888740684
215	0.0448449633382371
216	0.044415714231563576
217	0.043825554944833235
218	0.043596724157014356
219	0.04345109623644031
220	0.04314871194908857
221	0.043022947977336336
222	0.04272588225434685
223	0.042195978299462346
224	0.04197490709488431
225	0.04173429215156158
226	0.041638926422018975
227	0.041529554823791094
228	0.04135918449275703
229	0.04109231360154734
230	0.040862803355702616
231	0.04075253230359447
232	0.04046013697472443
233	0.040248770136530644
234	0.040171844507129996
235	0.039991020317943486
236	0.03950509326314671
237	0.03940378117888526
238	0.03931874331513013
239	0.039202392909397026
240	0.038998814832931265
241	0.038863185188157394
242	0.03876900772832497
243	0.03865915208514719
244	0.03857465699408107
245	0.03842769898097669
246	0.03830658221814969
247	0.03819963280076349
248	0.038084911583391494
249	0.037931782039486044
250	0.03787208061356045
251	0.03773275978360862
252	0.037541409766632276
253	0.03746415035267608
254	0.03743286233249426
255	0.03737316734942913
256	0.03729069821561742
257	0.037079245954179156
258	0.03704116373706961
259	0.03697433568892188
260	0.03681677431368962
261	0.036778482491269186
262	0.03673498709313799
263	0.03671498544381984
264	0.036681512355268224
265	0.03664309976775742
266	0.03659321941486753
267	0.03652698313212981
268	0.03646208310680792
269	0.036272177076962335
270	0.03619800511375631
271	0.036161645305465
272	0.03588772916762966
273	0.03585822282559508
274	0.03580547585454457
275	0.03570931817384176
276	0.035652111066239604
277	0.03560519572064718
278	0.03555553617802159
279	0.03546567957850582
280	0.03535527496996176
281	0.03530401450291914
282	0.035275254102425095
283	0.035233300494118595
284	0.03520255786698661
285	0.03517706792978741
286	0.03514576454634826
287	0.035081258481829906
288	0.03504612227131992
289	0.03501377474936112
290	0.034973988281392025
291	0.03491661448887689
292	0.03483961318344902
293	0.03479535396620142
294	0.03476545713821926
295	0.03472986246575465
296	0.03468925563371022
297	0.03465453893673703
298	0.03462821271060284
299	0.0345950454097042
300	0.03455417520618403
301	0.034529042484685406
302	0.034507286858463986
303	0.034493347632490505
304	0.034472079559093864
305	0.034449623629228036
306	0.034442905781218607
307	0.03442483399052714
308	0.03438015136984456
309	0.034365380061857125
310	0.0343194989431626
311	0.03429692549384838
312	0.034268705423031336
313	0.034226337641215125
314	0.034207281000237004
315	0.0341914957647183
316	0.03416667314977433
317	0.034156630442429496
318	0.034133547890111395
319	0.034110937100582696
320	0.0340904582621319
321	0.034079707263505434
322	0.03406940563757092
323	0.03405753890540512
324	0.03404835462054182
325	0.034031283023911264
326	0.03401020084395571
327	0.03399628861909735
328	0.03399320662732289
329	0.03395854107669375
330	0.03394620620724168
331	0.03393042754373169
332	0.03391355200583305
333	0.0338946385623781
334	0.03387823496232115
335	0.03386362461750984
336	0.03385684345184351
337	0.03383639501507211
338	0.03382580832666796
339	0.03382200209225054
340	0.03381484181417697
341	0.03380183583803379
342	0.03379366891712713
343	0.03378623183525057
344	0.033767365844491616
345	0.03375894861359
346	0.03374005766148428
347	0.033732881695022345
348	0.03372684106768179
349	0.03371370199244598
350	0.033707212129077936
351	0.03370009850783388
352	0.03368912885980483
353	0.03368244166174864
354	0.03367120137155936
355	0.03366397634001809
356	0.03366141594188291
357	0.0336559928973699
358	0.0336181131160103
359	0.033611384030266124
360	0.03360272827823988
361	0.03358998718333365
362	0.033584729942888004
363	0.03357785834479924
364	0.03356486963632247
365	0.03355475414348089
366	0.033549901097421654
367	0.033540204116968377
368	0.033534577638876496
369	0.033530794062018456
370	0.0335215897058239
371	0.0335096823583532
372	0.03350489406075966
373	0.03350007979562023
374	0.03349617091759042
375	0.03348664879465405
376	0.033480886819317636
377	0.033469630220763026
378	0.033460517562245475
379	0.03345359274777696
380	0.03344568112248784
381	0.03343909520305136
382	0.03343865407762895
383	0.03343281849630545
384	0.033431791893356023
385	0.033425758985322
386	0.03342407577811552
387	0.03341922779160817
388	0.03341132015348431
389	0.03340412090332651
390	0.03340059701605253
391	0.0333975469368944
392	0.03339470900760728
393	0.033391886547233414
394	0.03338914590932302
395	0.03338544045032916
396	0.033376065828233666
397	0.033359572387892174
398	0.03335816018316524
399	0.03335594019072647
Query round: 6 | Query Strategy: BADGE_sampling | Query Batch: 400 | Valid Query Nums: 373 | Query Precision: 0.9325 | Query Recall: 1.1748710736052508 | Training Nums: 2506 | Unalebled Nums: 47494
Files already downloaded ==> Test
Model_B | Accuracy (%): 98.00000762939453	 Error rate (%==> Test
Model_B | Accuracy (%): 97.25000762939453	 Error rate (%): 2.7499923706054688
detected_unknown:  37542.0


Files already downloaded and verified
openset here!
Files already downloaded and verified
1	418944.0881040096
2	82.4981989609054
3	67.36767253745117
4	57.94712767470399
5	53.24744830000917
6	49.35796460974733
7	46.542782519941724
8	38.20711389649429
9	36.33024457562486
10	32.41698328125993
11	29.626718674784094
12	28.39067760575334
13	27.23820379841844
14	24.451067938583478
15	22.754169519289903
16	20.079577351554214
17	18.850483859523116
18	18.189858163340872
19	17.28139351370691
20	16.69732315900682
21	16.136350349215256
22	14.648934066919072
23	13.193329156068547
24	12.10951286616681
25	11.122700513032655
26	9.412432253984193
27	9.234569453326444
28	8.364003621665214
29	7.718024749757642
30	7.138292790490123
31	6.731426319585335
32	6.475284876285041
33	6.085350974140493
34	5.505213721332876
35	5.303650690851537
36	4.813950105247825
37	4.34934992678744
38	3.9710288434375656
39	3.576176622425449
40	3.3275065957654837
41	3.17234847266944
42	2.9967552955654204
43	2.7845800306108535
44	2.6617225594904843
45	2.53566468880443
46	2.2892998326656038
47	2.182701850318593
48	1.9780643893695775
49	1.9083776007150701
50	1.8333821588689567
51	1.7535171838039638
52	1.6677793444628002
53	1.5475262720005813
54	1.4485763180868922
55	1.299398912103683
56	1.209702400477439
57	1.1746492848210288
58	1.1071006969027473
59	1.050813072960849
60	0.9233072452657176
61	0.9035240729563008
62	0.8450545040877693
63	0.8122365459703211
64	0.7901932284139399
65	0.7631002332918648
66	0.7314287655708389
67	0.7156574827340441
68	0.6519340127937163
69	0.609682472371204
70	0.5552423763505054
71	0.5226247831663918
72	0.4576252775217277
73	0.4385483061845285
74	0.4121146315659267
75	0.3951458024506415
76	0.37447756032393825
77	0.36062708832683593
78	0.3441943334538416
79	0.32255249020009497
80	0.310060274794622
81	0.28284263704709584
82	0.2704128269179898
83	0.2632803930974739
84	0.254674384377821
85	0.25146825727811906
86	0.24119576834878778
87	0.23379733005809492
88	0.21482791097081064
89	0.21128083576625942
90	0.19925059375530838
91	0.1957421209202572
92	0.18841663027170272
93	0.1810525481215415
94	0.17692566873493767
95	0.1692162645141331
96	0.1590702342892734
97	0.15326999340901118
98	0.1494070145184729
99	0.1484719654713296
100	0.1438891744918316
101	0.13669495906002213
102	0.13357841914442692
103	0.13045670783070243
104	0.12907399268153985
105	0.12572840399373253
106	0.11489394602979465
107	0.11131217463555677
108	0.10837022659013872
109	0.10135577748640333
110	0.09844512924662684
111	0.09699867376237069
112	0.09413587384217627
113	0.08954536531412251
114	0.08684894329694194
115	0.08419008987281919
116	0.08107038672339621
117	0.07997306052384028
118	0.07723333184269103
119	0.07477107223250748
120	0.07318612681130723
121	0.07032294910179294
122	0.06817564287932433
123	0.06618486008385041
124	0.06564671110838496
125	0.06324740832216882
126	0.061722104542474975
127	0.06008280389000411
128	0.05964946051466959
129	0.05823733672372746
130	0.05663206117100763
131	0.05517422993074852
132	0.053031788238917764
133	0.05005125688101165
134	0.04909884328433312
135	0.04827166509992443
136	0.04610433997763797
137	0.04533009502515673
138	0.04353322558049589
139	0.04245131908826428
140	0.04090420067220824
141	0.03918001302302022
142	0.03797264434181292
143	0.036891118062363455
144	0.03650807189763517
145	0.03590302928817058
146	0.03526372992812488
147	0.03307342256514479
148	0.03283026902565856
149	0.03246293793993194
150	0.03205214531838086
151	0.03073653704698321
152	0.030272312790408103
153	0.029864091317654884
154	0.029398316524243073
155	0.0291076532007033
156	0.028718883302139682
157	0.028332367640764085
158	0.027860527642565865
159	0.02752174830218413
160	0.0265938429247179
161	0.026419634990751513
162	0.026285550158653644
163	0.02556946432189667
164	0.02496337233781465
165	0.02440053630373673
166	0.024136051460963204
167	0.02394898097366327
168	0.02317272816173177
169	0.022669567481663266
170	0.022228620815830213
171	0.02197275136331389
172	0.02146887473481418
173	0.021088479783606617
174	0.02073611211026294
175	0.02050310653803611
176	0.020378856354781094
177	0.020115735754060227
178	0.019824288802609447
179	0.01958585233192811
180	0.018905202445015812
181	0.0186923277012776
182	0.018422418894037174
183	0.01825031406201938
184	0.018069802748645225
185	0.017946763496869744
186	0.01774892206026757
187	0.01760290703692058
188	0.017437317718890677
189	0.017362073336709694
190	0.01713664251657243
191	0.01706394301437464
192	0.016937426567903424
193	0.01679512684372164
194	0.016637733052125236
195	0.01650633216799613
196	0.016452004269599252
197	0.01631973203813808
198	0.016252905045004207
199	0.01611384286126971
200	0.01557455749673076
201	0.015400972720382326
202	0.01535925405107386
203	0.015288244139011423
204	0.015117497319007581
205	0.015036040484901262
206	0.014922417116182144
207	0.014873856083582607
208	0.01471759833090425
209	0.01467314561502087
210	0.014537579143002913
211	0.014467755737627156
212	0.01443297260024701
213	0.014378726021590408
214	0.014258755996749754
215	0.01419779199936522
216	0.014052474551746966
217	0.013940717494435487
218	0.01384256623775593
219	0.01370614676061899
220	0.013456271292054515
221	0.01335426174633381
222	0.013295058086858495
223	0.013160974247246719
224	0.0131128319423699
225	0.013037033438839222
226	0.01299880071538451
227	0.012907123809516866
228	0.012823178416245588
229	0.012776261091592692
230	0.01274161099635163
231	0.012643765297761126
232	0.012596894699308029
233	0.012506428854757393
234	0.012458426240369084
235	0.012410967820316591
236	0.012359418268162562
237	0.012323953786464562
238	0.012223217354759845
239	0.012196765743639707
240	0.012159858081205902
241	0.012086432129210015
242	0.012005613677380515
243	0.011961279146112117
244	0.011922400648677337
245	0.011885243828350992
246	0.011828788130513471
247	0.011804936793849533
248	0.01178375317431191
249	0.011770806663660819
250	0.011758464821326035
251	0.011729005869568047
252	0.01171025391326386
253	0.011685108893073396
254	0.011650713655183557
255	0.011613811904465313
256	0.011585192253062763
257	0.011565669866525189
258	0.01153531379646933
259	0.01151671790581799
260	0.011488604988028731
261	0.01144750544996254
262	0.011415675098515047
263	0.011360752540687361
264	0.011329694446223119
265	0.011312836195633839
266	0.011282833176869293
267	0.011262529245379408
268	0.011233471061552262
269	0.011212929710802125
270	0.01118982065823904
271	0.011178426126627453
272	0.011164032863654864
273	0.011150971246444822
274	0.011131323321444068
275	0.011110510459240611
276	0.011096451593595628
277	0.011079452825662809
278	0.011063434452039726
279	0.011050448070959899
280	0.011021202464758243
281	0.011012809618546452
282	0.010987496438196413
283	0.010933881330237764
284	0.010910464727709627
285	0.010905003593558508
286	0.010890691924993593
287	0.010874403004033088
288	0.010859412789665516
289	0.01083587844325962
290	0.010806989029873652
291	0.010796327010515586
292	0.010791553553039183
293	0.010781638310885636
294	0.010771831381383826
295	0.010760421151893688
296	0.010744443736126378
297	0.010734671415644662
298	0.010729019064033455
299	0.010712094358036776
300	0.010695200132982311
301	0.010683424725908
302	0.010674340337314629
303	0.010667302981087982
304	0.010652128923380747
305	0.010646853377080493
306	0.010638419948305614
307	0.010625325179962179
308	0.010615020985159877
309	0.010608759277050742
310	0.010600721799522764
311	0.010589526590041535
312	0.010576261941781743
313	0.010563628305493514
314	0.010557264933630298
315	0.010548642861102357
316	0.010537913895894539
317	0.010524537331300769
318	0.010515933044951579
319	0.010513627620492242
320	0.010509101755667997
321	0.010505133281687454
322	0.010497172316310758
323	0.010489756384733488
324	0.010478932151774648
325	0.010468947854453296
326	0.010463212878550014
327	0.010459118348864042
328	0.010455373373942093
329	0.010443353891762767
330	0.010439446247884513
331	0.010431875047485443
332	0.010422720556759083
333	0.0104137485520337
334	0.010405167170298716
335	0.010402140522984164
336	0.010395853399040481
337	0.010389692513230523
338	0.010385722794639344
339	0.010380700135613322
340	0.010378236341523687
341	0.010377073532311213
342	0.010368563346384144
343	0.01036391469141629
344	0.010359985014292809
345	0.010358126796336412
346	0.010350068604157107
347	0.010346938655610986
348	0.01034408767308537
349	0.010339186615205335
350	0.01033552559821466
351	0.010332609753025138
352	0.010329956715895764
353	0.010324696562793338
354	0.010321616598776177
355	0.01031597364245929
356	0.010309571717438962
357	0.010360	0.0166761410061167
361	0.016674663333359	0.362	0.01667325014052468
363	0.016671521350712596
364	0.01666976609187654
365	0.016665994667686704
366	0.01666243755228092
367	0.016659793579692942
368	0.016657976343340434
369	0.016656551638687626
370	0.01665297260445953
371	0.016651357681963356
372	0.016650227042668057
373	0.016647535044079568
374	0.016646648256959388
375	0.01664580197168464
376	0.016642752369555817
377	0.01664107735464149
378	0.0166399149694525
379	0.016637603378288682
380	0.01663608766898839
381	0.016634907975916272
382	0.016633809489783106
383	0.01663027708042993
384	0.016627647987269862
385	0.01662586659774153
386	0.016623243082285095
387	0.016622721313384537
388	0.016621614610559155
389	0.016620885574318945
390	0.016619927624126885
391	0.016617240603430273
392	0.016616341851452544
393	0.01661431649207078
394	0.016612990408095708
395	0.01661190302955894
396	0.016611042718454806
397	0.016610211682222976
398	0.01660866503077606
399	0.016607637858714875
Query round: 7 | Query Strategy: BADGE_sampling | Query Batch: 400 | Valid Query Nums: 385 | Query Precision: 0.9625 | Query Recall: 1.1535700039888312 | Training Nums: 2892 | Unalebled Nums: 47108
Files already downloaded and verified
openset here!
Files already downloaded and verified
==> Test
Model_B | Accuracy (%): 97.55000305175781	 Error rate (%): 2.4499969482421875
detected_unknown:  36436.0


Files already downloaded and verified
openset here!
Files already downloaded and verified
1	523384.09207344055
2	97.87177334409155
3	86.64116702657138
4	81.85733867713661
5	61.06436277457923
6	56.45911573825813
7	52.43666367882343
8	48.78607850426287
9	44.4051877145883
10	37.643164427577936
11	33.06655448824116
12	29.3289374622162
13	27.20560639226991
14	24.287677219754034
15	21.74742524946289
16	19.604394516592787
17	16.5351029249485
18	14.501317417108865
19	12.432712590181684
20	10.714181156514162
21	9.480940671322813
22	8.652891667244901
23	8.009189297872421
24	7.725813006478188
25	7.113928710537787
26	5.863203392296621
27	5.261882226410147
28	4.327734769674701
29	4.056620395643971
30	3.8733036727097203
31	3.6738248676445653
32	3.331682345309513
33	3.1117782046965865
34	2.8870482196978835
35	2.744263028161934
36	2.680386406736782
37	2.5227380966715125
38	2.3129281377367295
39	1.866551201226524
40	1.785288580533073
41	1.543937743481205
42	1.4550707422457199
43	1.3623170481476554
44	1.260090034589506
45	1.2320014686736835
46	1.1434044802516141
47	1.0267015706093154
48	0.9684567685515721
49	0.9210385017475564
50	0.8907001710875411
51	0.8498992034463517
52	0.8304223571020193
53	0.7796918232041425
54	0.745138862027328
55	0.7208597183660674
56	0.6922807086692262
57	0.6646477625207114
58	0.6198153950707124
59	0.5844860201196511
60	0.5631952579906951
61	0.5437672487624454
62	0.4917948034508968
63	0.4569587696078757
64	0.43155530912015233
65	0.4043770326680474
66	0.37936037000333594
67	0.354141675043205
68	0.3167205805567152
69	0.30121483744649025
70	0.2911140006836592
71	0.27822131799593874
72	0.26556636715367743
73	0.2527879351479884
74	0.2340731346709606
75	0.21780729808933644
76	0.20315413226462511
77	0.19858609515331296
78	0.1903498606113305
79	0.18177576505668067
80	0.1727582873133531
81	0.16829053072906278
82	0.16345409482046194
83	0.15935804418422664
84	0.1529793930532821
85	0.14885624873586376
86	0.14265808343555927
87	0.13695242158452062
88	0.13138183993602184
89	0.12712934282923125
90	0.12058069738874218
91	0.11688553886802873
92	0.10896565364988527
93	0.10687106679678092
94	0.1011498165070281
95	0.0968747983017794
96	0.0913559654145603
97	0.08967332862085743
98	0.08788710068553075
99	0.0860280632109708
100	0.08418771997777287
101	0.07836746215572125
102	0.07660022298444905
103	0.07538077714492478
104	0.0732966243066459
105	0.07163156814739172
106	0.06624453719804126
107	0.06500031649001006
108	0.061739232575415484
109	0.0581462101331839
110	0.057679691869036445
111	0.054501000552174786
112	0.053275149887592646
113	0.051659179724917875
114	0.04985482343628739
115	0.049147953734898164
116	0.047915604304687276
117	0.047345806968873416
118	0.046707422189423864
119	0.04579302609348751
120	0.04431356325661845
121	0.04364476031772874
122	0.04127972015227095
123	0.03743969114544704
124	0.03646938246437109
125	0.03501291213207075
126	0.03433164646731818
127	0.03361989750875288
128	0.03316789144600868
129	0.03263229368321724
130	0.03213520159779243
131	0.03092122034804441
132	0.030823499725240077
133	0.030295758279375428
134	0.030005668890648218
135	0.029496161280799748
136	0.029229839185969064
137	0.029073311562473458
138	0.028636026465622643
139	0.028008522952962033
140	0.02767713000467915
141	0.027413421492031142
142	0.027219147806693166
143	0.026874206386526333
144	0.026188725511332177
145	0.02587507111488203
146	0.025498492490754598
147	0.02495277585362027
148	0.02454527984301075
149	0.0243636674798537
150	0.023912443423391442
151	0.02341368001662397
152	0.023273126916414758
153	0.023065442418832963
154	0.022944110601478888
155	0.022489584165036495
156	0.022378839224259598
157	0.022178964397589544
158	0.021986619723136817
159	0.021875898252872564
160	0.021667587615482323
161	0.02156654016387444
162	0.021463631042095647
163	0.021259587360944406
164	0.020770803103039744
165	0.020651537504852987
166	0.020518411316550574
167	0.02038842848745664
168	0.02012464466674307
169	0.020027342718043902
170	0.019889488699795285
171	0.01976691965678062
172	0.019584920177243722
173	0.01945215372683767
174	0.01935442640555512
175	0.01926620720936872
176	0.01918477368039267
177	0.019059976240753448
178	0.018941850006597368
179	0.018858144996413747
180	0.018815304892327352
181	0.01878511656037934
182	0.01868155224225537
183	0.018634407528614835
184	0.018377701772841645
185	0.018275464716715758
186	0.018143987580550854
187	0.018011326946123004
188	0.01793472172806781
189	0.0178370504081044
190	0.017762575037465863
191	0.017727598154499032
192	0.017637016342097963
193	0.017599785819958965
194	0.017572716811093455
195	0.017524945841989433
196	0.017450586966708256
197	0.017388164489068044
198	0.017335311994804255
199	0.01731023252015079
200	0.01723398236882717
201	0.017169643075403525
202	0.01712053791758977
203	0.017073786831241774
204	0.017032860500984567
205	0.016996362283380802
206	0.01695662533248837
207	0.016925930706667754
208	0.01686726972994806
209	0.016828621375553906
210	0.016764969409540354
211	0.01667509468753352
212	0.016638003827400927
213	0.016575078639297237
214	0.016519547210199482
215	0.01646918362458465
216	0.016434860074886194
217	0.016386822642024446
218	0.016363031115551086
219	0.016343233245760414
220	0.016311718090190764
221	0.016292698227215508
222	0.016264213568018816
223	0.01624214420607022
224	0.01622144159637966
225	0.016193095865681895
226	0.01617014042677394
227	0.016154622662733088
228	0.016135993185351905
229	0.016099258174116327
230	0.016062030962300012
231	0.016047035768191376
232	0.015978327747599264
233	0.01595423318840521
234	0.015923945785199334
235	0.01590319505785492
236	0.015883171450259356
237	0.01587458395944846
238	0.01584500225864754
239	0.015839360185072978
240	0.015820211249693402
241	0.015795465648725967
242	0.015778183725988656
243	0.015758823259521323
244	0.015740274169648346
245	0.015694379166250206
246	0.015684084737602015
247	0.01567297411658502
248	0.01564251118817766
249	0.015624742133711613
250	0.01561109063716686
251	0.015587985380596628
252	0.015574988585647034
253	0.015551777093057708
254	0.015534017494497945
255	0.015505719489989403
256	0.015497002362077452
257	0.015478928175977671
258	0.015463259321088543
259	0.015432206817067964
260	0.015416844902147389
261	0.015406691520211282
262	0.015394707795039089
263	0.015385313612441045
264	0.015371496982082114
265	0.015362292529173807
266	0.015352206178361463
267	0.015337089232273662
268	0.0153234647078228
269	0.0153172176297826
270	0.015312502259112229
271	0.015306386385182271
272	0.015301307134495337
273	0.015288892567003989
274	0.015275481231109713
275	0.015264501586388304
276	0.015255204403219194
277	0.015245354039906614
278	0.015237061310871594
279	0.01523046984738279
280	0.015227349478154009
281	0.015219802835419285
282	0.015216117661340503
283	0.015213865508316429
284	0.015206271445835353
285	0.0152010375184674
286	0.015195721049225666
287	0.015189010713187725
288	0.01518177927943192
289	0.015170560455735218
290	0.015163788051231355
291	0.015159980005890519
292	0.015154150858350748
293	0.015136840070852189
294	0.015126822667013531
295	0.015116532321087053
296	0.015111617501758648
297	0.015105535456692068
298	0.015097501043215325
299	0.01509527895257228
300	0.01509191819343463
301	0.015083898542912302
302	0.01507987420848216
303	0.015074493059159135
304	0.015072986725298268
305	0.015068006480104248
306	0.015060436806633095
307	0.015055155375952303
308	0.01505309832107187
309	0.01504891631118326
310	0.015046861191546126
311	0.015038884151413237
312	0.015034922145564502
313	0.015029051514152394
314	0.015021338518585716
315	0.015018102630396093
316	0.015013477038795678
317	0.015008749554002712
318	0.015006986194976249
319	0.015003692530854365
320	0.015000134907268417
321	0.014994472885291812
322	0.014991582434661413
323	0.01498888912617318
324	0.014986716838323135
325	0.014983101200343898
326	0.014976219753120293
327	0.014974290497075817
328	0.014972039855120347
329	0.01496897570039484
330	0.014967093962228664
331	0.014964413153835612
332	0.014962296162581315
333	0.014959227036153202
334	0.014957968314812711
335	0.014955888959017607
336	0.014952867692879004
337	0.014947398593828034
338	0.01494570010354517
339	0.014944126270939597
340	0.014943202369848188
341	0.014941029407568964
342	0.014938547513213154
343	0.014937105160174371
344	0.014934942232843798
345	0.014933915767943165
346	0.01493152797123081
347	0.014929628042321499
348	0.014928666949725047
349	0.014927161684939119
350	0.014924872813510728
351	0.014921543375778326
352	0.014920050977476498
353	0.01491912662083549
354	0.014916727986811642
355	0.014914610938846709
356	0.014913539266687361
357	0.014912800692812969
358	0.014912045132363208
359	0.014910353020881164
360	0.01490817588724335
361	0.01490616332417071
362	0.014904671852037801
363	0.014901603240019426
364	0.014900862392294592
365	0.014898839323421278
366	0.014897138505569276
367	0.014895445589184422
368	0.014894496261968473
369	0.014894191821714043
370	0.01489311555069507
371	0.014892360082786394
372	0.014890786157403258
373	0.014890065222096639
374	0.014888907154307419
375	0.014888071314408792
376	0.014886268214332433
377	0.01488546138794007
378	0.014884116290518957
379	0.014883426704644332
380	0.01488267991445198
381	0.014881919702334724
382	0.014880983417102268
383	0.014879335208521095
384	0.014877797558414214
385	0.014877139611655916
386	0.014876138204442764
387	0.014874994937656634
388	0.014874389336440667
389	0.014873946171618494
390	0.014873183575431407
391	0.014872493783044642
392	0.01487148673866964
393	0.014870670629576447
394	0.014870378490683815
395	0.0148697758169187
396	0.014869202154496578
397	0.01486841968765013
398	0.014868033540557163
399	0.014867426688516544
Query round: 8 | Query Strategy: BADGE_sampling | Query Batch: 400 | Valid Query Nums: 382 | Query Precision: 0.955 | Query Recall: 1.132088520055325 | Training Nums: 3274 | Unalebled Nums: 46726
Files already downloaded and verified
openset here!
Files already downloaded and verified
==> Test
Model_B | Accuracy (%): 98.25000762939453	 Error rate (%): 1.7499923706054688
detected_unknown:  36185.0


Files already downloaded and verified
openset here!
Files already downloaded and verified
1	415140.5074312687
2	108.43797835855479
3	91.35461911706916
4	63.57686910181038
5	59.75160417108527
6	56.31311807184212
7	51.332483144092485
8	47.97023751035996
9	45.86680115918825
10	40.653253333374956
11	38.57492996911714
12	35.56196452836702
13	33.344712512299516
14	30.69487621049593
15	28.7455699608774
16	27.381360666558255
17	25.021059781161245
18	23.499926698708084
19	21.524065030121353
20	19.045820010208633
21	16.703198922180672
22	14.820582126814053
23	13.86239353325183
24	12.172643128892755
25	11.179022563637055
26	10.117002142608921
27	8.774807292736302
28	8.10779519728495
29	7.691774654901749
30	7.171826361272181
31	6.737649916264857
32	5.533111094090785
33	4.888006750946445
34	4.304031000575563
35	4.151345742038032
36	3.7467783513577206
37	3.4990165206701986
38	3.0993486317904226
39	2.8094751826531192
40	2.564870177865674
41	2.297002165675809
42	2.079540728688886
43	1.870464011192968
44	1.789591043353727
45	1.709808104694463
46	1.5394300157433518
47	1.4545250395542157
48	1.407125661909237
49	1.1299251558404713
50	1.0264449925050094
51	0.9588026353046251
52	0.8742276201371231
53	0.7930257381795689
54	0.7236485848898901
55	0.6703856955046668
56	0.637794497864963
57	0.6091917077775011
58	0.5605685114079113
59	0.5434104849501471
60	0.5271940013900184
61	0.5110182414337776
62	0.4888211019843601
63	0.45003044759330973
64	0.43607640327362046
65	0.4127704972907685
66	0.39884996568260417
67	0.386542523889222
68	0.35888407440332387
69	0.34451508127593283
70	0.3241925030443615
71	0.29540666150485934
72	0.28989131729675294
73	0.2783241719988216
74	0.2631530101460446
75	0.25548414518410184
76	0.2454308915678955
77	0.22892819640977152
78	0.21769620237713
79	0.20661243671391433
80	0.19531419841412728
81	0.1902788231692118
82	0.17555516926411813
83	0.16674174753787313
84	0.1643060853362674
85	0.16160367558548544
86	0.15443346044374423
87	0.14646116166075596
88	0.14057689427098163
89	0.1357535162072342
90	0.12970459005494528
91	0.12558172055794936
92	0.12195372832282524
93	0.11417308036523686
94	0.10905278014304866
95	0.10550621659668348
96	0.10333693244202248
97	0.0995641457690969
98	0.09376398354534711
99	0.08494129835817756
100	0.07938720996681393
101	0.07435896539319102
102	0.07063742098462782
103	0.06930871377763352
104	0.06649764857680265
105	0.06137763380498356
106	0.059672421984902684
107	0.056320746289163
108	0.054496968490599755
109	0.05231249248568629
110	0.049497604230015625
111	0.04745380181778428
112	0.04618612755810473
113	0.04561164602104709
114	0.04350504994558305
115	0.041328683242813156
116	0.04088483582940552
117	0.03952850026157121
118	0.03905009772474314
119	0.03891804402714497
120	0.03827369366094372
121	0.03760971338683174
122	0.03688164620156766
123	0.036256581224580885
124	0.034817326260469315
125	0.03275036267537571
126	0.0314621131687606
127	0.030598988261278198
128	0.030434668660251834
129	0.02969000949765969
130	0.02930379954291921
131	0.02879293709652912
132	0.02842888126666635
133	0.02813129202801049
134	0.02708761103091076
135	0.026700151241275148
136	0.026364816411987544
137	0.02582360193006009
138	0.025152411675978623
139	0.023917589392133873
140	0.023026391744700146
141	0.02269581122429513
142	0.02251453247929162
143	0.021728201055267665
144	0.021439177947030135
145	0.020929101478685357
146	0.02067869718550212
147	0.020443740419721895
148	0.020122522698073613
149	0.020016261229755788
150	0.019407694671570812
151	0.019127218599791423
152	0.018895002061512105
153	0.018849900350218423
154	0.018733457818560655
155	0.018550699165606293
156	0.018429859697752054
157	0.017990296004389766
158	0.017893664603684616
159	0.017611993890818727
160	0.017065162729773025
161	0.016810578038595796
162	0.01667052315958421
163	0.016599847629569158
164	0.01648950992241331
165	0.016360391367944576
166	0.0162047565391014
167	0.016015876440416063
168	0.015911895295200134
169	0.01574757747814763
170	0.015664394525198785
171	0.015544999182135848
172	0.015422725424766009
173	0.0153334174567407
174	0.015245408855871483
175	0.015168439221479185
176	0.015088631327834372
177	0.01502890765930635
178	0.01498163050620908
179	0.01485221959146214
180	0.014784813837736815
181	0.014647720666375912
182	0.014589339105396542
183	0.014511893004919878
184	0.01444153448831768
185	0.014385760046058332
186	0.014348074576479613
187	0.014252074966788635
188	0.01416200633859203
189	0.014080459297401243
190	0.01402971328381623
191	0.013992998215980473
192	0.013970593542507553
193	0.013876362804621161
194	0.013788598857826722
195	0.01373576107191125
196	0.013705979031255405
197	0.013691635528102191
198	0.013665643648363906
199	0.01361391470192556
200	0.013571407327906664
201	0.013523666077451518
202	0.013495919421017282
203	0.01345928698259417
204	0.013389233386020754
205	0.013354580964857126
206	0.013322378817007523
207	0.013291349733015528
208	0.013244525289599556
209	0.013229985287839623
210	0.013201329850993131
211	0.013170687197337754
212	0.013108662911029894
213	0.01309268662432565
214	0.01308420706370576
215	0.013065520973917371
216	0.01305260342066809
217	0.013040263056403417
218	0.013023547694858289
219	0.01298883216520023
220	0.012974524000224735
221	0.012949588349114565
222	0.012789836933576753
223	0.012764394367011194
224	0.012742902590659726
225	0.012723072437867005
226	0.012712087870996685
227	0.01264716253169455
228	0.012635958916663286
229	0.012603642063341896
230	0.012593352374980087
231	0.012559645879238007
232	0.012534646858686587
233	0.012518086176506332
234	0.012498488801221102
235	0.012484900535610615
236	0.012454893259728744
237	0.012441237348667238
238	0.01243312825507929
239	0.012422248795328421
240	0.01241575711028357
241	0.012408675108308048
242	0.012391435015960555
243	0.012378556092966269
244	0.012360587881897905
245	0.012350522872378738
246	0.012346955938977649
247	0.012292344350197253
248	0.012278583174218965
249	0.01226365847439274
250	0.012258648117193387
251	0.012250507001493587
252	0.01224670854405167
253	0.012236838237555097
254	0.0122316297943366
255	0.012225376747687238
256	0.012217158511856712
257	0.012211085088905487
258	0.01219877640506976
259	0.012190080932681407
260	0.01218420650409206
261	0.012174356375934042
262	0.012165769451938185
263	0.012160422333312531
264	0.012150364667963081
265	0.012147264694589526
266	0.012140615897691592
267	0.012132494828420309
268	0.012122299704733702
269	0.012113861652137941
270	0.012109077734562972
271	0.012105628507595816
272	0.012097908260000827
273	0.01209420190172587
274	0.012088345387263149
275	0.012083629686338287
276	0.012076786898121344
277	0.012073926829686814
278	0.012067983839893642
279	0.012058984620831253
280	0.012051876989313242
281	0.012045394482209686
282	0.012042346296733213
283	0.012036329997921185
284	0.012033361344964393
285	0.01202931311270165
286	0.01202613281412938
287	0.01202093089915594
288	0.012017459986340111
289	0.01201084290282876
290	0.012006956455682876
291	0.011995049410619168
292	0.011991821776549321
293	0.011988897249496793
294	0.01198316364351613
295	0.011977729475853165
296	0.011975089422990842
297	0.0119722063143816
298	0.011968154603078023
299	0.011964735431415779
300	0.011959840694125628
301	0.011955616180773603
302	0.011952446776783237
303	0.011948939602156521
304	0.0119463151297922
305	0.011944154951044544
306	0.011941853632726412
307	0.01193939146458593
308	0.011936884670649944
309	0.011933130426132903
310	0.011929554284552706
311	0.01192329363242443
312	0.011921762498914894
313	0.011920099697263858
314	0.011918020898669484
315	0.01191717955530473
316	0.011915274089552657
317	0.011911477777040307
318	0.011910264890535077
319	0.011906981495344453
320	0.01189936310559168
321	0.01189763833188116
322	0.011894904192992533
323	0.011893224350928638
324	0.01189199671796302
325	0.011890616655220492
326	0.011889928344571126
327	0.011888645295270544
328	0.011887595035743197
329	0.011886702314226932
330	0.01188465799148562
331	0.011882953196942918
332	0.011877602969086642
333	0.011876738696100186
334	0.011874754951731414
335	0.01186859872482966
336	0.011867524732505363
337	0.011865454302117339
338	0.011863405427577866
339	0.011861349837016543
340	0.011859356196663295
341	0.011856793721231895
342	0.011854931253775191
343	0.011852705460124468
344	0.011851342156242572
345	0.011848272934999637
346	0.011847247024180229
347	0.011846088417542377
348	0.011845273693452573
349	0.011843918195964098
350	0.011842306084886577
351	0.011840990792066141
352	0.011840055547125094
353	0.011838481478619333
354	0.011835217303420752
355	0.01183434701749032
356	0.011833465096280481
357	0.011832222760851285
358	0.011831345126544723
359	0.01183052966256749
360	0.011829581267299393
361	0.011826079724757254
362	0.01182378943006913
363	0.011822929164551143
364	0.011821137611760579
365	0.011820150608101331
366	0.011819617716866192
367	0.011817710113827328
013701412991248345
369	0.013700494841908677
370	0.01369940651485531
371	0.01369863040766968
372	0.013697486712625233
373	0.013696624936607076
374	0.013695859189415531
375	0.013694830784228383
376	0.013693627251246331
377	0.013693221469023702
378	0.013690664596379425
379	0.013690332757914358
380	0.013689758975200571
381	0.013688782524858544
382	0.013687991602905502
383	0.013687712660809414
384	0.013686132258685578
385	0.013685314915150836
386	0.013684994579350284
387	0.01368482288923373
177210128669727
395	0.012176578751899201
396	0.012174731246792301
397	0.012173796771694221
398	0.012172622947669796
399	0.012171721003251977
Query round: 9 | Query Strategy: BADGE_sampling | Query Batch: 400 | Valid Query Nums: 378 | Query Precision: 0.945 | Query Recall: 1.116702686014202 | Training Nums: 3617 | Unalebled Nums: 46383
Files already downloaded and verified
openset here!
Files already downloaded and verified
Finished. Total elapsed time (h:m:s): 1:20:51
