Currently using GPU: 0
Creating dataset: cifar100
Files already downloaded and verified
Shuffle
openset here!
Files already downloaded and verified
Creating model: resnet18
==> Test
Model_B | Accuracy (%): 37.35000228881836	 Error rate (%): 62.64999771118164
detected_unknown:  0.0


Files already downloaded and verified
openset here!
Files already downloaded and verified
number of image selected using KNN voting 800
1	1142936.7745904922
2	7236.579738951172
3	7189.666151380981
4	7139.267461094889
5	7096.185049328837
6	7077.24074402207
7	7055.131036518491
8	7022.627848261385
9	7004.349092172342
10	6973.463235543924
11	6922.8862382638035
12	6884.775552784908
13	6852.60912542406
14	6813.487301121349
15	6789.192390628043
16	6772.152246460202
17	6747.734521583538
18	6723.3458124337485
19	6707.472311938531
20	6652.379329968593
21	6608.110401341575
22	6587.569503872539
23	6569.299564419198
24	6529.514801083016
25	6503.5728981884895
26	6488.535473926808
27	6452.101696117665
28	6434.3065738332225
29	6416.655092734261
30	6406.137597311637
31	6373.80153224559
32	6359.839971029083
33	6344.446149312775
34	6306.892433525412
35	6293.791736178915
36	6280.335330834263
37	6265.20633964485
38	6207.8997860826785
39	6190.194354063016
40	6157.605875893147
41	6132.455570618273
42	6117.452241446474
43	6103.13475395611
44	6094.521436439478
45	6079.676794753992
46	6069.899359235191
47	6050.497475153417
48	6033.929028369137
49	6014.692410425865
50	5984.907509237179
51	5963.210560689797
52	5949.061359258485
53	5909.555831638281
54	5894.328952518408
55	5875.241074517486
56	5840.327386811492
57	5816.344805672881
58	5783.7841719446005
59	5743.171061402303
60	5709.075989246019
61	5697.383141746395
62	5675.995954742306
63	5652.222126693581
64	5633.124341201619
65	5609.029993247823
66	5596.425289244973
67	5579.745815366623
68	5556.482929071528
69	5541.186611017329
70	5497.983962964383
71	5477.541163396207
72	5453.426505796029
73	5439.800322248018
74	5421.587356740492
75	5410.167186402134
76	5399.324668045505
77	5386.024919262389
78	5373.9556313504
79	5360.323136953404
80	5343.736566204112
81	5330.114918595646
82	5318.607901096344
83	5303.114607037976
84	5282.784730958287
85	5249.949818658177
86	5235.2668977701105
87	5218.857199229766
88	5199.208958186675
89	5186.294354130048
90	5171.2574614654295
91	5158.745098136831
92	5147.105527288746
93	5131.553545362782
94	5126.4280141661875
95	5100.785192730371
96	5085.491419408005
97	5068.039775921963
98	5048.582576662302
99	5034.680029483512
100	5018.171535567846
101	4993.218682365026
102	4975.75305278739
103	4958.895714539569
104	4944.171250445303
105	4936.8086128630675
106	4918.5410997522995
107	4902.24694288522
108	4878.275314657949
109	4864.584479391575
110	4850.1260315715335
111	4837.710001371335
112	4823.581001658458
113	4808.976712402422
114	4797.887663063128
115	4779.659490760881
116	4763.283311856445
117	4739.846345255384
118	4725.771933662007
119	4708.684924019966
120	4700.306407215539
121	4687.817476940341
122	4674.017040289007
123	4643.746215658262
124	4629.540089445189
125	4614.3758446555585
126	4602.727309517097
127	4587.907075970899
128	4576.040710484143
129	4561.107558216434
130	4549.553188288584
131	4537.143458331004
132	4523.441121871583
133	4510.8454570081085
134	4498.731628286652
135	4488.318110334687
136	4472.536753636319
137	4452.750027638394
138	4416.608731659595
139	4402.154300125781
140	4392.704514470417
141	4379.333036865108
142	4359.228129283525
143	4347.158275004942
144	4335.129113551695
145	4303.903466547839
146	4291.5774593912065
147	4279.084641088266
148	4268.685851153452
149	4256.411162413657
150	4242.930891416036
151	4232.041948097758
152	4216.14664627891
153	4204.91405242309
154	4191.684689736925
155	4179.71537032444
156	4166.073516038246
157	4147.945267571602
158	4132.047658929136
159	4120.255615080241
160	4109.06052222033
161	4088.207609279314
162	4072.472868041368
163	4058.5941763680894
164	4044.194538153941
165	4029.508691798197
166	4011.790635116631
167	3998.7451562958304
168	3989.4278039739
169	3975.6887787890155
170	3964.2033061219845
171	3950.558187634917
172	3934.8613110093866
173	3923.3316397981253
174	3909.138067858992
175	3895.04301928333
176	3879.427481476916
177	3864.827495957492
178	3852.1499879255425
179	3839.5626218214165
180	3828.1264950127807
181	3816.7741671891417
182	3802.954504141351
183	3775.153337566182
184	3762.0622121263295
185	3756.877577434061
186	3745.836366634583
187	3735.1147925376426
188	3723.031962980749
189	3711.8700074423105
190	3700.2765224259347
191	3685.878357676789
192	3673.3353846040554
193	3658.840587769635
194	3648.154440017417
195	3635.6832844871096
196	3623.6850721361116
197	3610.471273343079
198	3601.783435742371
199	3585.8769485997036
200	3573.7812539888546
201	3567.4209839655086
202	3559.554934846703
203	3550.4517920813523
204	3541.648537264904
205	3527.373340350343
206	3514.4270713150036
207	3492.956788264448
208	3483.897119529778
209	3471.8610072808806
210	3460.554448671872
211	3452.5897386006545
212	3438.5479261309374
213	3434.849133587675
214	3423.82418732089
215	3415.481788052479
216	3402.7019504441414
217	3391.7480596408714
218	3379.289478670107
219	3370.285552194575
220	3364.093153379159
221	3355.205150029855
222	3343.2677058007102
223	3330.284991147695
224	3315.9878723293077
225	3301.4555831465404
226	3288.6199446760584
227	3279.1259200356435
228	3262.268402790418
229	3249.51350074145
230	3232.495148108108
231	3223.0868152210023
232	3209.928731302498
233	3201.154056255473
234	3190.5198407187127
235	3174.5269550294615
236	3163.1887660655193
237	3152.637475526426
238	3142.6857703353744
239	3131.7061996988486
240	3120.090520415688
241	3109.6469159463886
242	3094.623077868717
243	3084.523131335387
244	3073.666146243224
245	3064.177113841055
246	3056.3117817684542
247	3048.085296392208
248	3037.079541797517
249	3028.329478855012
250	3012.051245264476
251	3001.935948536964
252	2991.2307253538165
253	2979.739542468218
254	2966.1671474385075
255	2959.5263005611487
256	2948.8752384870313
257	2938.7255932111293
258	2927.440881668357
259	2915.1132132175844
260	2904.877626951551
261	2897.8153629668523
262	2882.957376974402
263	2873.724240797339
264	2865.4714229847305
265	2856.5077336574905
266	2843.9212063900195
267	2835.5045788348652
268	2823.6049368442036
269	2813.4301032503136
270	2805.694829592947
271	2796.7556843063794
272	2786.362582719419
273	2774.7109303451143
274	2764.7575370431878
275	2753.327899791766
276	2744.366202690173
277	2738.0191793162376
278	2728.662776194513
279	2718.0823607910424
280	2707.653070609551
281	2695.225468601566
282	2679.3350953715853
283	2670.8080454585142
284	2664.597498865798
285	2656.2615918833762
286	2644.1279029566795
287	2632.9635746106505
288	2626.0929612000473
289	2614.824334719684
290	2607.692294905428
291	2595.289649069775
292	2584.413978273049
293	2573.6925735855475
294	2562.1869741408154
295	2549.6614955300465
296	2537.011120064184
297	2524.564034024952
298	2513.5325661643874
299	2501.0725859522354
300	2491.6215141860303
301	2485.763592961943
302	2473.1172758021858
303	2463.9503865733277
304	2457.00488572265
305	2445.434406191809
306	2436.798757340526
307	2426.8974035044666
308	2415.9678657285403
309	2405.147435826948
310	2395.246000504354
311	2387.462433075765
312	2376.8097073792014
313	2364.6324869722594
314	2355.8423653545324
315	2349.1681085373275
316	2336.3802534942515
317	2325.9753305767663
318	2312.35693095671
319	2302.1039154385217
320	2293.829855646938
321	2287.4973831744865
322	2280.4814959140494
323	2272.1969356415793
324	2264.7997964355163
325	2256.1748355361633
326	2242.827937454451
327	2229.996396330651
328	2220.220855978783
329	2211.938431347022
330	2200.7245365029667
331	2192.0110278970096
332	2184.3812709695194
333	2177.5711056694854
334	2166.43677347037
335	2157.0786601544823
336	2148.390840510605
337	2141.123142699478
338	2131.0402960551437
339	2118.205328668235
340	2111.250211900333
341	2100.1821679167915
342	2090.369827006245
343	2081.064810488606
344	2075.2414822224528
345	2063.5413421606645
346	2051.9713405314833
347	2043.5383418742567
348	2032.7038291636854
349	2021.6391109172255
350	2013.1629935447127
351	2004.2860286119394
352	1995.8922000862658
353	1986.3136045611463
354	1976.23785210168
355	1973.9055396366166
356	1964.857436506194
357	1958.2491911860416
358	1949.0841625450412
359	1941.5860526651377
360	1931.9278762402246
361	1919.5753467144677
362	1908.9904602688039
363	1898.1228474300588
364	1890.8422036046395
365	1885.0058448094642
366	1875.9662367085693
367	1865.558840594138
368	1855.7351417111931
369	1844.8546353009297
370	1833.164033898036
371	1822.3963327490492
372	1813.8503694616957
373	1808.3924110281514
374	1800.237429743749
375	1793.8510618122527
376	1789.3726103481604
377	1779.6486362254946
378	1765.0941686219303
379	1752.6828150864458
380	1747.1336047669174
381	1739.138714014669
382	1727.8364658151986
383	1720.661771963467
384	1711.4162915066117
385	1702.4721662929514
386	1689.545454598614
387	1683.9178129207576
388	1675.163155144197
389	1670.068244999391
390	1663.5370113170939
391	1657.8182422436075
392	1646.4400091246935
393	1641.7239066573093
394	1632.654753825278
395	1624.5936343820067
396	1617.2209313065978
397	1609.568140252144
398	1597.1403184678638
399	1587.757726266631
Query round: 0 | Query Strategy: BADGE_sampling | Query Batch: 400 | Valid Query Nums: 69 | Query Precision: 0.1725 | Query Recall: 0.0869 | Training Nums: 869 | Unalebled Nums: 49131
Files already downloaded and verified
openset here!
Files already downloaded and verified
==> Test
Model_B | Accuracy (%): 37.55000305175781	 Error rate (%): 62.44999694824219
detected_unknown:  18157.0


Files already downloaded and verified
openset here!
Files already downloaded and verified
number of image selected using KNN voting 800
1	1117993.9644882493
2	5758.207122258733
3	5735.126304187703
4	5694.737516755129
5	5674.498042162399
6	5634.119037912817
7	5610.732309626073
8	5587.835696505041
9	5567.994949854568
10	5549.027134976939
11	5511.977473635583
12	5471.357848517022
13	5427.909703127465
14	5389.3941098008145
15	5368.669975885081
16	5346.616761749501
17	5317.828429496738
18	5300.7674455427405
19	5281.090660035501
20	5245.066184505711
21	5220.99130136695
22	5196.075162679779
23	5181.517111322733
24	5162.314799443244
25	5146.1283978283245
26	5116.11832416652
27	5093.965189189075
28	5068.250423935366
29	5052.232636459761
30	5038.879454620772
31	5022.368226950646
32	5004.734012549401
33	4987.116412924261
34	4946.762894438238
35	4933.841397750781
36	4896.457662012552
37	4883.707616564941
38	4870.433893067886
39	4849.7279609084435
40	4828.9805045776375
41	4795.196983852082
42	4773.950251846232
43	4740.074865244453
44	4726.508207745974
45	4709.333416162182
46	4694.020219849546
47	4679.295833860648
48	4665.600449933794
49	4651.0694653502505
50	4613.47531473812
51	4585.792488137617
52	4572.16370843014
53	4558.475474787301
54	4525.757343950805
55	4511.234504323111
56	4482.291907515966
57	4444.535595622503
58	4425.497880516232
59	4407.748314438046
60	4385.254921598949
61	4373.071405849078
62	4342.730988444884
63	4319.737959804137
64	4306.346680682276
65	4296.317845385645
66	4282.423836231588
67	4251.19610383793
68	4234.281721757383
69	4219.897061358795
70	4204.913119326935
71	4189.120122496162
72	4175.638732496773
73	4159.721922298086
74	4147.814027207096
75	4133.4669116597
76	4117.76021156356
77	4097.493642606663
78	4081.499632433879
79	4070.3962922034625
80	4057.1339554725055
81	4046.5970487220984
82	4018.065593582469
83	4004.3789861219775
84	3992.554929079379
85	3975.3540280478846
86	3961.501706423129
87	3947.408915323562
88	3932.595565401374
89	3918.164062805132
90	3902.638840980486
91	3888.3889754457705
92	3875.1972191972964
93	3860.9785426786475
94	3847.1628535917334
95	3837.140680211254
96	3822.2807821017996
97	3807.185280939688
98	3790.556413441089
99	3783.4554008442283
100	3774.911734955509
101	3761.487234408625
102	3746.599957969629
103	3734.521815379274
104	3722.380616204937
105	3710.6192817856863
106	3695.374009086874
107	3686.060252472882
108	3668.77639798553
109	3653.927749302362
110	3640.300333149389
111	3626.720789054998
112	3615.0767880721323
113	3599.6784131951936
114	3581.6714911792733
115	3565.540857200169
116	3551.9935851754926
117	3537.1324124304883
118	3519.4991163794257
119	3506.429570633576
120	3492.756916280494
121	3481.7854996087335
122	3470.329572112889
123	3456.9353875761226
124	3442.6969005587816
125	3428.885256638874
126	3410.4287837914962
127	3396.667750962435
128	3380.498129227555
129	3370.292822193711
130	3354.9377024885107
131	3339.5176295692872
132	3330.6750067476023
133	3312.8418864541527
134	3295.6142772150997
135	3285.541873406044
136	3274.9716862471614
137	3261.523285749725
138	3248.722918394378
139	3232.7738941939388
140	3219.9118219356824
141	3206.657001702006
142	3193.732045317891
143	3176.8920623314407
144	3166.1960068567496
145	3142.4866808542356
146	3127.9642147255436
147	3114.626776042518
148	3104.2614349658907
149	3088.1272673768763
150	3076.6665874173705
151	3063.8112305760224
152	3052.7985765003905
153	3043.781363551163
154	3030.938879076981
155	3016.378196234473
156	3000.0519222166695
157	2987.924868477632
158	2974.9548844230667
159	2968.9208400925927
160	2960.5451567467608
161	2942.5839491089646
162	2930.5227373851303
163	2919.0045984372337
164	2903.9514658841144
165	2889.4847138318073
166	2881.1783593091022
167	2867.604496985332
168	2848.8432283696093
169	2836.81292059704
170	2820.289543984116
171	2810.108393652954
172	2798.8047573041476
173	2781.3490645360507
174	2767.550163635642
175	2754.8430928607777
176	2743.9410563550264
177	2737.628813599127
178	2727.1885163908664
179	2715.940620538204
180	2704.9501696521256
181	2695.5420761372734
182	2684.7565486695457
183	2673.3372431631506
184	2662.549692923327
185	2649.0910829786517
186	2639.180639937411
187	2624.216234815198
188	2614.1188119362414
189	2601.6038268205084
190	2585.468539497473
191	2577.1286547203854
192	2569.024121443399
193	2561.5141727129303
194	2552.2357224995576
195	2541.2970437581025
196	2519.499277778559
197	2506.2914816817574
198	2494.26933059749
199	2481.368438997313
200	2467.5122894290907
201	2457.2718165973274
202	2448.5305133918373
203	2432.718357946731
204	2423.4476832412256
205	2412.3154867878256
206	2404.1423810711203
207	2393.4612733023314
208	2380.2784970616995
209	2372.7658286811857
210	2362.3773637535123
211	2353.391665320618
212	2344.1038340141604
213	2332.3741829338323
214	2325.938254507615
215	2317.188957955579
216	2306.5166225571957
217	2287.726836155991
218	2276.0092660774317
219	2265.6189576959077
220	2254.969156414627
221	2249.666251866038
222	2240.3249361197304
223	2230.152397891863
224	2222.3803146093924
225	2212.4403874458585
226	2202.0423992875803
227	2189.1271378103484
228	2177.4731942525905
229	2165.3621884667155
230	2157.292752983405
231	2145.1998126528997
232	2139.6868550392173
233	2131.5510392176293
234	2118.5390840616383
235	2110.6472364511646
236	2101.4442140251704
237	2094.4992972730033
238	2088.6332058095213
239	2082.44392911427
240	2074.050081329311
241	2063.211203403662
242	2047.7773731424313
243	2033.0158148295086
244	2018.8075545161337
245	2010.9839861529254
246	2000.2249990549244
247	1987.7280740231581
248	1977.9166279385172
249	1966.9612431881324
250	1957.2511925782383
251	1948.9038197983828
252	1939.397386472563
253	1929.022550846341
254	1921.8884476007734
255	1910.1388957587842
256	1902.8509104325276
257	1889.6216656192046
258	1876.7214959341873
259	1868.2433283313949
260	1859.2829698262576
261	1850.5046917043
262	1839.598164185074
263	1831.7087012102202
264	1822.3253733018719
265	1808.7322634436496
266	1800.168231536758
267	1792.7388170558334
268	1779.0268221508086
269	1767.3903263864413
270	1757.6053856668368
271	1748.2271982199818
272	1742.1627464016274
273	1733.979227628217
274	1727.7197672921538
275	1716.7763267924383
276	1707.4695371958733
277	1696.4437335991606
278	1688.8354418153249
279	1676.0328610871293
280	1663.6976293061234
281	1658.0181878405929
282	1647.1474827668935
283	1641.6933980105168
284	1634.446032406362
285	1627.4828777746952
286	1612.1614103993124
287	1603.2775453651047
288	1595.1019184091783
289	1588.698953785999
290	1576.7873392990514
291	1567.2304796577155
292	1555.0438993285134
293	1543.5863505621164
294	1538.265398736643
295	1530.8413406466789
296	1522.2896638340972
297	1516.581054517832
298	1508.1759168308417
299	1497.3508674305122
300	1486.1189709760438
301	1475.8429000175747
302	1466.8893417337167
303	1453.4423412301767
304	1440.6517147306076
305	1430.4192629955432
306	1421.6496141474418
307	1409.7495096247367
308	1404.2767227213553
309	1392.7778393743283
310	1383.656328868652
311	1375.3456152138024
312	1367.4268135345264
313	1361.4506556059423
314	1350.337853891142
315	1338.3399423564042
316	1324.1906773893352
317	1318.401907780506
318	1315.8645220611434
319	1308.0475235793929
320	1300.6620210812616
321	1290.362539689355
322	1280.8544243977594
323	1273.11402991863
324	1268.3842225943881
325	1263.2694224345687
326	1253.7726705868918
327	1247.5823944064978
328	1236.229366214313
329	1227.223487402145
330	1222.1280615484065
331	1210.7310183202571
332	1204.9146089994538
333	1199.2130645232464
334	1190.357119593602
335	1183.2192923103648
336	1179.4908367496173
337	1172.1321130276847
338	1166.312516898215
339	1159.1834007900397
340	1155.4269520992602
341	1147.7291226047746
342	1139.1211447376481
343	1127.084378685402
344	1120.4620208400956
345	1116.7698204704284
346	1109.5270257453158
347	1103.860106971646
348	1090.4101548460967
349	1084.5868215482406
350	1080.2821882547069
351	1075.9245875159468
352	1067.0212804310213
353	1058.820452937689
354	1056.0443872994001
355	1046.3921907102413
356	1036.0654680549123
357	1027.6423875481778
358	1022.339318809747
359	1012.9030194167935
360	1003.1353910888502
361	992.0741186288142
362	983.2814293053889
363	977.1446786072993
364	973.0083471806211
365	963.4372765095395
366	958.0061446697873
367	955.15535190417
368	949.1085018049416
369	942.986242662133
370	932.9340479429302
371	926.9389723534186
372	916.1323454216545
373	914.3300161943262
374	907.7611152798127
375	901.9853293382985
376	894.7900870432568
377	883.6653216443447
378	877.1041809590024
379	867.1167910308068
380	859.9397807234855
381	849.7797156639353
382	846.1555454909758
383	837.1849838320122
384	832.391875845562
385	823.8199204934717
386	815.4251482926265
387	806.1332834192508
388	800.1779840418094
389	798.0668083606943
390	785.6393362759336
391	777.2054824678416
392	771.359716218496
393	764.1843173918969
394	761.5335119013398
395	757.3748802472328
396	748.8997844955375
397	741.0459484359671
398	730.3411249420096
399	728.4333411422631
Query round: 1 | Query Strategy: BADGE_sampling | Query Batch: 400 | Valid Query Nums: 285 | Query Precision: 0.7125 | Query Recall: 0.1154 | Training Nums: 1154 | Unalebled Nums: 48846
Files already downloaded and verified
openset here!
Files already downloaded and verified
==> Test
Model_B | Accuracy (%): 28.700000762939453	 Error rate (%): 71.30000305175781
detected_unknown:  20800.0


Files already downloaded and verified
openset here!
Files already downloaded and verified
number of image selected using KNN voting 800
1	2221669.3855400085
2	6030.888567209244
3	5910.348982208874
4	5714.054331341758
5	5688.640727785416
6	5441.708757427521
7	5376.72146132309
8	5350.524388340302
9	5199.241808918305
10	5138.251932037994
11	5013.751385819633
12	4873.122431647498
13	4827.58022273751
14	4800.208914410789
15	4685.840204187902
16	4642.997335825348
17	4631.263081465149
18	4554.246585641289
19	4369.592038961826
20	4170.069540592609
21	4078.289562615333
22	3986.552936853026
23	3963.2845852981554
24	3923.8798521572025
25	3867.0275127125205
26	3736.027775747818
27	3684.693455798668
28	3623.0545630288543
29	3542.1864514710614
30	3531.7713791398564
31	3465.3545792080695
32	3450.7756491737673
33	3437.29564277397
34	3395.3956573366886
35	3341.1284440184245
36	3324.63318330294
37	3304.8396726840874
38	3297.8422056996496
39	3279.6016163002932
40	3240.2377757687354
41	3232.2754487652564
42	3195.5576477769064
43	3182.911719394033
44	3160.3072568801
45	3109.1244597431505
46	3045.2682428356493
47	3036.0385398861254
48	2960.7607474323595
49	2953.9612153138733
50	2929.616688958253
51	2883.9344602738274
52	2874.5473744984483
53	2854.9261775084306
54	2849.877377974568
55	2836.493890273152
56	2832.4968666892964
57	2801.188156183576
58	2790.1487549713347
59	2774.434053318808
60	2769.4718851244543
61	2717.16145140538
62	2704.717108076904
63	2686.118557336973
64	2674.4604076177347
65	2663.8628958372865
66	2640.869030824164
67	2633.3778496889863
68	2616.294029493467
69	2612.309276656597
70	2597.3681097788503
71	2589.7705717844656
72	2582.9579201502493
73	2564.357493357151
74	2557.560744471033
75	2549.594533204683
76	2533.1310746618547
77	2493.145403689239
78	2482.91691977391
79	2460.9229044378735
80	2453.9674172431696
81	2439.7210018651094
82	2434.9730969395023
83	2428.12262536888
84	2416.04440969578
85	2398.8033656512853
86	2390.3598024284
87	2383.6291243468877
88	2372.9665278086904
89	2357.1734245715197
90	2337.2527862198185
91	2331.7559652931523
92	2321.446629690239
93	2309.694301916752
94	2287.049624514766
95	2279.564918828197
96	2267.228361943038
97	2263.21190005308
98	2258.5830206251703
99	2254.6324868178926
100	2249.5984084582888
101	2244.5153779864777
102	2224.675156161189
103	2216.3674266689923
104	2204.786056553712
105	2199.1839899459155
106	2187.133474879083
107	2169.2979291573865
108	2142.6142169396626
109	2123.738023204147
110	2117.4454919331474
111	2110.173364057089
112	2097.9755509038223
113	2091.116041909787
114	2084.938776504132
115	2075.5988509765593
116	2068.5470938294893
117	2057.2199859231478
118	2047.5887514533242
119	2037.8495735110482
120	2029.9027341784677
121	2024.7589026869973
122	2018.139808989712
123	2012.8511981690535
124	2005.1304166609189
125	1997.437978773727
126	1986.1407850281103
127	1979.2128583058948
128	1953.9943977723597
129	1949.0743757480523
130	1944.4636047163513
131	1940.0303082743194
132	1934.3503044494428
133	1927.8144491466228
134	1923.6709433158394
135	1920.9018706544302
136	1909.4042529328726
137	1902.2454206778202
138	1894.8135166002903
139	1893.5779052712023
140	1887.2839614457916
141	1884.429044157965
142	1875.230299533112
143	1869.6071740365587
144	1864.9964762902819
145	1858.8772913194261
146	1853.0892590261064
147	1838.0684964633547
148	1832.1367249437608
149	1827.5556974359788
150	1823.357748503331
151	1819.9372766385786
152	1811.3034730325453
153	1805.7867268645205
154	1803.2719751917757
155	1798.7578466325067
156	1795.7912465094123
157	1792.2648352144752
158	1784.153335280018
159	1779.9997213773895
160	1773.5054616623092
161	1769.1728696518112
162	1762.8380212478805
163	1759.6766945603304
164	1757.8852026846725
165	1754.059707785258
166	1746.473322801874
167	1743.8127015447244
168	1735.8865484036505
169	1732.176767949015
170	1730.1170719491784
171	1727.3239047941752
172	1722.879348557908
173	1699.0890029154252
174	1693.0508992683608
175	1685.6270334732253
176	1678.8850790536962
177	1669.1576250945218
178	1662.743858710397
179	1654.536251317244
180	1649.4102919774596
181	1642.6160451557953
182	1636.4283610966522
183	1632.909708864754
184	1630.2896483393852
185	1624.6676935972646
186	1618.8856086283922
187	1612.5878981689457
188	1608.6457303190837
189	1600.6370848474326
190	1594.471260415041
191	1590.7127574548358
192	1586.1075836286182
193	1578.2172770962352
194	1563.3144221360562
195	1559.8045275529148
196	1557.0324554416584
197	1552.006546607823
198	1544.7075511695584
199	1538.1620143939508
200	1533.6312755633844
201	1528.5975171519676
202	1521.0977055552648
203	1514.7023721268633
204	1507.8090574076632
205	1504.799945526407
206	1502.091882753768
207	1497.745830107131
208	1493.6345749382162
209	1488.0019142293604
210	1484.0185079226503
211	1479.6083185133757
212	1476.0014947053278
213	1472.853895485052
214	1466.1692788187647
215	1459.4793517176295
216	1457.4287285391474
217	1452.1582505855476
218	1448.8986588687403
219	1443.9532171458704
220	1437.974438306759
221	1435.7642009229166
222	1430.8824525302043
223	1424.525911611854
224	1420.5810034697643
225	1414.5412816171302
226	1410.687718422967
227	1408.0852852183161
228	1402.3579142595408
229	1400.9225120950723
230	1397.1441104818368
231	1388.8833406377817
232	1382.4079580617836
233	1377.9941461397102
234	1375.135520726326
235	1369.910438731662
236	1367.1957497153198
237	1363.803496545297
238	1358.7383482180303
239	1354.504356823978
240	1346.0643515094416
241	1342.9342793925898
242	1338.0378727285424
243	1329.8804330794374
244	1325.2307016191771
245	1322.0901057062438
246	1318.4776458082488
247	1314.7888753282605
248	1310.912226398359
249	1305.1093941478757
250	1301.8582013509003
251	1298.1803077122895
252	1292.8193827794166
253	1289.8395787404152
254	1286.7089180207113
255	1283.2193194985157
256	1276.6564780831104
257	1272.7084962174995
258	1271.0023530767066
259	1267.4211245725164
260	1264.4361922071548
261	1261.6809671447845
262	1257.2796695748111
263	1253.7693982544588
264	1247.864183314261
265	1243.61761247518
266	1241.1382166590774
267	1234.8184746658662
268	1229.169162402046
269	1226.5545514418045
270	1222.960748989717
271	1217.4616726456443
272	1214.517254215316
273	1211.1739762841025
274	1207.719481311855
275	1205.5184138546465
276	1201.9310705477837
277	1197.7301752192434
278	1194.4438840058865
279	1191.9695120957913
280	1189.4065147498623
281	1183.8944332962856
282	1181.6340389614925
283	1178.763451248873
284	1176.3150924746878
285	1173.5418209705967
286	1170.9438744054642
287	1167.1183114501182
288	1161.4610925654415
289	1158.1706999281887
290	1156.7909285097849
291	1151.001167499926
292	1144.0465757488273
293	1142.0405810665106
294	1139.8684575058287
295	1136.5901751018828
296	1133.7637120502768
297	1130.1043485060218
298	1127.5330289259437
299	1124.0183048690087
300	1120.5608461344964
301	1117.852148098813
302	1114.3415677975281
303	1110.1918046902283
304	1105.98564873141
305	1102.1413729895721
306	1099.348959439143
307	1097.2345701387967
308	1092.6828162802267
309	1090.0143309172126
310	1085.4375253256294
311	1082.5386436518165
312	1079.557477345632
313	1077.9619253153796
314	1074.4220872085425
315	1071.7881438892218
316	1068.353248850617
317	1064.9563632076024
318	1061.035776767123
319	1058.2533265053644
320	1052.9567125737085
321	1050.8896482884302
322	1046.3847993313684
323	1042.7972371479846
324	1039.85728477448
325	1037.0234470539144
326	1034.8242145226686
327	1031.5476255560643
328	1028.6353094314109
329	1024.2065524195204
330	1020.4684906277689
331	1017.4260811732966
332	1012.9186956497724
333	1010.3765234217863
334	1003.2114174516755
335	998.216027081653
336	995.6827017624746
337	992.5669285877957
338	989.8339893707889
339	988.5349429365597
340	986.9174628969631
341	980.9009495493374
342	979.3197585960734
343	976.5518160934444
344	972.3900934333797
345	969.5307436148287
346	966.7802164618042
347	961.6189453665284
348	958.9834511909285
349	954.6576366741792
350	951.8638373157592
351	949.0977674793103
352	944.6350887175067
353	941.2473374911933
354	938.9699818202644
355	933.670448691526
356	931.2652265924844
357	928.603320703085
358	927.4866220708354
359	924.7919504385791
360	921.1417217901326
361	916.5613980939961
362	913.9829371622181
363	909.0638728122576
364	907.0794656122453
365	903.5283399987384
366	900.2782837319537
367	896.8758126650355
368	894.243029178062
369	891.8471599500044
370	889.5064338411321
371	885.6728609765996
372	880.402840954077
373	878.332322222006
374	876.1948754464393
375	873.6005536277662
376	871.0748412424582
377	867.7347176456242
378	865.90904136881
379	862.3843659588019
380	858.979565588932
381	855.9325566542684
382	854.689228525327
383	850.6325868557324
384	847.2050081273192
385	844.8511692067259
386	842.8705656310194
387	838.9627018322353
388	835.7430997242336
389	832.9214147010935
390	829.9501224437845
391	828.0402697006357
392	824.5735376754892
393	822.276454912324
394	819.3767890798044
395	816.3046912919381
396	813.1588615328656
397	811.0945662314189
398	809.01811840554
399	806.4858332183794
Query round: 2 | Query Strategy: BADGE_sampling | Query Batch: 400 | Valid Query Nums: 338 | Query Precision: 0.845 | Query Recall: 0.1492 | Training Nums: 1492 | Unalebled Nums: 48508
Files already downloaded and verified
openset here!
Files already downloaded and verified
==> Test
Model_B | Accuracy (%): 47.000003814697266	 Error rate (%): 52.999996185302734
detected_unknown:  21440.0


Files already downloaded and verified
openset here!
Files already downloaded and verified
number of image selected using KNN voting 800
1	1065122.463561058
2	3639.68135018213
3	3625.9538673174966
4	3598.2355977875113
5	3576.3582459642485
6	3552.694741181883
7	3536.992401909868
8	3511.5437463571716
9	3473.114417733711
10	3443.9671053710326
11	3425.0673278589666
12	3401.2555874605596
13	3383.1467283601805
14	3369.84658873183
15	3354.7478633314304
16	3337.5747523695163
17	3314.666724557609
18	3297.3144904725186
19	3279.4454778661884
20	3257.501410016411
21	3227.4169747178375
22	3187.746035749179
23	3173.6670164317757
24	3158.0421286016635
25	3140.5001058965854
26	3118.1733154399253
27	3097.9284814936973
28	3085.0452207667686
29	3071.4926363449476
30	3061.204032562294
31	3047.4498797604747
32	3032.2674087114565
33	3022.0534174224294
34	3008.5104214405574
35	2995.5891404981658
36	2979.5208780785024
37	2952.585061579098
38	2931.016785860148
39	2919.4923900883578
40	2907.5352694879684
41	2897.2490519459525
42	2877.6625667407343
43	2862.9355764833444
44	2852.900846525764
45	2837.4624936447644
46	2818.9005713702345
47	2805.3194670292714
48	2790.02369638413
49	2770.6259245488027
50	2758.7038269184695
51	2743.4528205909
52	2729.4746826181354
53	2717.7589544483626
54	2695.319825095793
55	2684.717159194609
56	2670.9003973293284
57	2652.338679342268
58	2636.27224352557
59	2618.3946142426857
60	2603.3255265555044
61	2589.1654099961443
62	2567.9535212060136
63	2555.791976956795
64	2544.866929019946
65	2536.917253285791
66	2524.36013942692
67	2510.971445253729
68	2503.66936914288
69	2490.069014948239
70	2477.934706070838
71	2462.683906829362
72	2452.6251409099486
73	2446.7418881983313
74	2435.3695890039953
75	2416.654340419248
76	2403.232793483213
77	2387.4573055834326
78	2373.28307076104
79	2361.506468492821
80	2349.974063593224
81	2338.2279556573185
82	2326.569838691764
83	2316.785678523388
84	2310.470899584964
85	2299.993982370738
86	2287.284445818309
87	2275.0080346928726
88	2263.2619828356246
89	2249.914341548253
90	2235.233014186174
91	2218.3302503426376
92	2206.1635972995127
93	2193.790648289286
94	2181.8039656237515
95	2170.9399157122525
96	2157.534009004273
97	2143.8695918426665
98	2134.577116142288
99	2120.9587909060347
100	2109.4705676317963
101	2091.247021603659
102	2078.826895017438
103	2074.6445283829516
104	2064.4309495549232
105	2051.292117511067
106	2041.105567370686
107	2027.6281433269896
108	2013.2446550136947
109	2004.8886492635638
110	1990.8510886376307
111	1981.6017542208128
112	1966.7433061922484
113	1955.961892157472
114	1946.3876765972518
115	1933.567048431053
116	1919.6802161938094
117	1902.0895644488328
118	1897.4215904224247
119	1883.9210470657845
120	1871.9335182620262
121	1865.2509075022817
122	1853.2511944767602
123	1843.2845649525107
124	1831.4156350867406
125	1829.6816165221671
126	1816.2276942234303
127	1805.7256624729189
128	1793.2271854880082
129	1784.2753051382306
130	1772.848114559688
131	1760.579382817522
132	1750.68550526144
133	1738.0534915162998
134	1723.760539832786
135	1716.6631210285987
136	1707.3398300053368
137	1698.9646095827038
138	1687.2369144463728
139	1678.7405097985456
140	1663.238749253359
141	1654.3450761360864
142	1641.605471716989
143	1638.6535156832824
144	1624.8831327751095
145	1616.1410601928646
146	1606.4787634208615
147	1597.359221150894
148	1586.6475950710292
149	1577.1927636803875
150	1565.931208386347
151	1557.1126170011985
152	1548.790886263624
153	1537.3992959440502
154	1528.3735085877406
155	1515.7938895088437
156	1506.045202222448
157	1493.954327879269
158	1484.7095525649192
159	1473.0624656940627
160	1464.4263768268565
161	1459.272145449445
162	1449.6132967921722
163	1439.1581589274856
164	1425.9566055203604
165	1416.6081277325566
166	1406.7663690017353
167	1399.3541159748847
168	1393.6683033823783
169	1381.8642126813347
170	1368.636778098792
171	1361.353695136756
172	1350.7202403180117
173	1340.9844109022806
174	1332.736391554382
175	1324.7055144410397
176	1319.1277054848897
177	1304.5278328957784
178	1302.0668258058422
179	1292.238971172511
180	1280.8226601347842
181	1270.8342205748477
182	1263.5767756850973
183	1254.3215936796323
184	1244.5835494703197
185	1237.787872730899
186	1226.641780316043
187	1220.2485679841184
188	1213.7045748060618
189	1203.5614171420739
190	1196.8004169856713
191	1188.3898981382654
192	1184.9068250430564
193	1179.26113360832
194	1175.5732162532213
195	1168.3009898925948
196	1163.010331589524
197	1154.385131659713
198	1151.2255657255
199	1142.529826472076
200	1135.4675324657283
201	1123.566937434981
202	1112.6790735509994
203	1102.2190183049815
204	1090.1198333150523
205	1082.85103406271
206	1073.0195772534053
207	1063.5277564937996
208	1058.1962420482005
209	1048.846619911753
210	1041.2389392287287
211	1028.8135371182861
212	1016.8616948074477
213	1007.337009053007
214	1000.7244545028361
215	991.13331137158
216	984.3104744956645
217	975.8059221839349
218	970.512258191854
219	966.023500606213
220	956.909245162532
221	949.7875324467013
222	942.3734274392764
223	933.9678951923552
224	926.1950732891264
225	919.9898818072679
226	912.8365432743731
227	904.8004742840121
228	895.9397895254942
229	885.7439529795947
230	880.2800884140006
231	871.9977654614768
232	865.7714182797636
233	858.907016937882
234	846.5647516458112
235	838.9090453876697
236	830.594165016576
237	821.4417468110614
238	817.3350287477069
239	811.6521721879535
240	800.7120638886981
241	798.5247472588953
242	793.0129015903503
243	786.0031402568848
244	781.315119549311
245	776.0466620374054
246	768.7868362997242
247	766.7197102572818
248	754.4982898695444
249	748.8807093220812
250	744.5492985177834
251	741.3053336894654
252	735.0046115672731
253	730.5653218982325
254	722.7463361687542
255	720.8119775719524
256	714.7430433082909
257	708.832478567404
258	705.4999764912345
259	699.3144267538146
260	690.9167493322448
261	686.0097180608709
262	682.1033251241597
263	674.4748344088721
264	668.0320165087751
265	659.26310901952
266	655.278893632144
267	649.3789383594694
268	644.6281782810393
269	634.9941439230743
270	628.4514405234067
271	623.6281655985213
272	619.5095788461904
273	612.829604937956
274	607.3746108494515
275	602.539240735844
276	597.5527048212525
277	594.7077075627449
278	589.0214748622666
279	585.2897595889654
280	577.167851846737
281	570.8742779750164
282	565.2688120860394
283	558.5479163188274
284	550.3554098236627
285	539.0275423157282
286	533.4062182189218
287	529.6466960192911
288	523.8673911512151
289	518.0206565365215
290	514.3788599320242
291	511.0166206284912
292	507.32958769048764
293	500.85529329623296
294	494.72549249972417
295	488.8661585063228
296	485.47874696245617
297	475.14588075150004
298	472.38298420894625
299	465.77647629713374
300	459.4130119658794
301	453.0675170850727
302	445.60021296988907
303	441.5470874065786
304	435.03036597611117
305	429.350171598212
306	424.4857076556209
307	417.67167138734567
308	411.54170768342647
309	407.2929462011225
310	404.1417177296962
311	399.5058288898572
312	393.43719032670106
313	391.5978799190625
314	385.2165823307141
315	376.1094265308484
316	370.2453217830762
317	368.5098830785855
318	364.5065229546299
319	361.1714375218862
320	358.11403561961106
321	353.9829569488784
322	349.1392085437683
323	340.5922410373596
324	339.3158654974095
325	336.70014538972373
326	332.598188018731
327	328.6460328379899
328	325.18147039700034
329	322.04378531158636
330	320.68539580459674
331	316.0445714522057
332	311.04285626755063
333	307.20566423529726
334	303.6648423050201
335	300.92544095976245
336	298.2440301376764
337	294.32710433124066
338	292.8125330143512
339	286.2885137322728
340	284.1926533082287
341	281.26438526152833
342	278.47829676845777
343	276.02787686565625
344	274.5845412165936
345	271.53804714755006
346	267.32578084988836
347	261.359322790041
348	258.05661594761386
349	255.8839681137897
350	251.03283254742473
351	246.9844512053378
352	244.5992327325357
353	240.92465764212739
354	239.74121755290162
355	236.34498443033863
356	235.12173688980602
357	229.28920114609264
358	227.11292580187637
359	222.45981274450514
360	220.7202327830446
361	216.96903012324674
362	215.57702706385953
363	211.69106511100745
364	208.583404182732
365	205.83058279384477
366	202.30060040023727
367	200.21365413399963
368	198.30026811330663
369	194.6482401149542
370	190.2435398222142
371	188.2416497720833
372	186.2565458072777
373	184.10040829538684
374	182.25742479074597
375	178.9484786173407
376	176.59343353715576
377	173.75747143650278
378	172.45192668701839
379	171.12468466987684
380	169.98994108008537
381	168.31211759224152
382	165.3271713209533
383	163.87253298649648
384	161.96419285300271
385	159.84925048802597
386	158.09105510094287
387	156.48575980045916
388	154.91087502815844
389	153.94283446400277
390	152.2252798637919
391	151.21262765202755
392	149.28223554701162
393	148.48091200155523
394	146.7200658510983
395	145.5536669074345
396	144.10730499257534
397	141.31377953519313
398	138.17351546017653
399	136.14391625004555
Query round: 3 | Query Strategy: BADGE_sampling | Query Batch: 400 | Valid Query Nums: 351 | Query Precision: 0.8775 | Query Recall: 0.1843 | Training Nums: 1843 | Unalebled Nums: 48157
Files already downloaded and verified
openset here!
Files already downloaded and verified
==> Test
Model_B | Accuracy (%): 51.500003814697266	 Error rate (%): 48.499996185302734
detected_unknown:  21786.0


Files already downloaded and verified
openset here!
Files already downloaded and verified
number of image selected using KNN voting 800
1	1112647.0726690292
2	3413.517380864229
3	3388.64616610283
4	3373.9923628069087
5	3357.136507187374
6	3336.4629375081136
7	3320.623346443623
8	3302.918596382588
9	3273.962249870747
10	3253.4984680370985
11	3236.7146360234915
12	3212.1806737737356
13	3195.407880221945
14	3181.57892765895
15	3160.8131015389085
16	3129.423882731688
17	3104.0695343860284
18	3091.9365879474067
19	3076.0794752891966
20	3061.651618116521
21	3043.7233070973166
22	3028.965028052204
23	3010.4923927141213
24	2993.450271582217
25	2973.0551104843476
26	2955.906589976498
27	2939.179419361041
28	2921.338167786584
29	2898.6611331123718
30	2871.433883490027
31	2859.5288413711683
32	2843.232403154005
33	2823.620560575728
34	2806.989645887618
35	2794.974911195212
36	2776.5398239912324
37	2762.7641446227067
38	2743.172499313005
39	2725.6913766374205
40	2716.3965851485123
41	2696.577982162344
42	2669.1595100432028
43	2654.2293508273874
44	2636.3148553592478
45	2629.246153583969
46	2619.5530640298825
47	2609.627611696939
48	2596.1668245137994
49	2587.8395017150183
50	2574.909719801261
51	2563.669402092914
52	2544.471292464747
53	2531.8709539745328
54	2516.184868731289
55	2492.292452730923
56	2482.5895289562036
57	2469.5475567143735
58	2455.4826724596646
59	2444.9353781717223
60	2427.9157689402205
61	2412.9361363642242
62	2392.360156044117
63	2377.166983812102
64	2367.9251147089385
65	2358.6235877987788
66	2347.7275500383553
67	2337.451938905972
68	2322.7298872473043
69	2301.7844607017328
70	2290.8763252186914
71	2282.7819581914086
72	2271.306528292815
73	2261.3160364229557
74	2258.2571048182294
75	2244.760438801241
76	2231.952058674288
77	2221.5573774494555
78	2210.059935674057
79	2197.740190114346
80	2191.7858914066896
81	2177.900492571746
82	2165.3772126478
83	2154.801026696558
84	2140.4384882210147
85	2131.1768646566056
86	2119.0791324076567
87	2110.2477137453247
88	2096.2563467339937
89	2087.4492361086745
90	2076.1760846294787
91	2059.4672506742504
92	2047.5990093627338
93	2036.5445134823535
94	2022.2421230876212
95	2012.249894921421
96	2002.668001855011
97	1992.3254468089294
98	1976.7461588557203
99	1958.119421737953
100	1948.968390356968
101	1935.9724084252816
102	1921.922973600435
103	1905.69918909132
104	1892.9674128040065
105	1873.192909572958
106	1861.2673915356722
107	1842.7589534253207
108	1830.8706345150572
109	1820.6988820310075
110	1814.1209247179654
111	1803.7761628425073
112	1787.0417086493549
113	1777.8342619736072
114	1769.754943563356
115	1758.737512103035
116	1743.183832473806
117	1728.641594211324
118	1718.0513027112324
119	1707.38001592712
120	1700.8116204256517
121	1687.2973820681077
122	1680.9698734367125
123	1669.4720097724207
124	1656.7937149656796
125	1651.9655260695004
126	1642.2815155368157
127	1635.5887412410088
128	1621.7529360055782
129	1609.0323234768443
130	1601.909742948585
131	1587.619207913042
132	1582.5347428861865
133	1571.0625558965698
134	1561.3045914498948
135	1550.870108840973
136	1537.2179033113503
137	1523.9680405780532
138	1514.7467242376738
139	1506.8538875430681
140	1496.0383528699026
141	1483.804094747626
142	1478.7249243084666
143	1472.3565664116618
144	1460.1228835780498
145	1450.4332585437082
146	1444.8311825473652
147	1430.4679585178242
148	1420.2717227986873
149	1411.4962222423496
150	1400.3181571686732
151	1393.4889335358607
152	1380.9577412331569
153	1374.041985007571
154	1361.4630100141371
155	1349.1315937462355
156	1339.6868914683441
157	1327.232608707724
158	1318.955146043431
159	1304.9074433528444
160	1291.8723803692124
161	1280.1435600261761
162	1273.4937239627911
163	1261.7280712247452
164	1254.8999358531878
165	1240.931927811806
166	1225.1713286754534
167	1219.528751322287
168	1207.689015255994
169	1201.3692579653439
170	1195.4560938791697
171	1184.285243880688
172	1175.5306530070816
173	1165.278180983602
174	1158.277833121349
175	1152.51404201983
176	1137.313041806207
177	1125.6394882388272
178	1109.4283567792595
179	1102.36232353047
180	1095.943652036935
181	1090.8065284209883
182	1083.121174633838
183	1074.503773014862
184	1070.2953373602218
185	1063.1912209204024
186	1053.698835282456
187	1046.6729125071874
188	1034.724903607494
189	1022.2292547274706
190	1016.3630503842
191	1000.7509736220677
192	993.8866623726067
193	984.2302392616261
194	977.5296224250783
195	974.6772407754183
196	968.4275635629751
197	958.1523093134024
198	948.2909027859428
199	942.0212618633964
200	935.0227805208274
201	923.1189108919211
202	913.7758074016169
203	906.4287348002986
204	902.3842258595255
205	894.8276403092173
206	885.6068985105817
207	875.8923402509977
208	862.3431992584233
209	852.4624069693823
210	844.1386736396094
211	832.9368456366797
212	824.5371587544073
213	820.0553126195305
214	811.0337820439458
215	801.9951379108102
216	791.6556792440683
217	786.4573497953684
218	778.3257922069029
219	775.6990258704031
220	769.2553357315342
221	763.5298952279704
222	756.2190240846107
223	750.8589560281112
224	743.9946548234298
225	736.7285982359758
226	731.1297346342913
227	727.6984239806047
228	722.9964840795005
229	710.664782800814
230	707.1425330346542
231	703.7155095113999
232	695.6400999427865
233	688.7306986969056
234	682.5914151873299
235	671.6337334499553
236	663.1248676613764
237	655.7354154686768
238	652.3931145899555
239	647.8716399776608
240	639.0756566631467
241	628.6410800167218
242	620.0483515071542
243	615.2287321465415
244	607.6701955355097
245	601.0354129732445
246	597.3670508069777
247	590.0846285594021
248	583.9401798515905
249	574.2962560921301
250	566.5154210226469
251	563.5449014595802
252	561.8529387023741
253	558.1157664193747
254	552.6521265840133
255	547.3446192918786
256	541.9180275662079
257	537.6209215386048
258	532.627695010437
259	530.820860498105
260	528.6839061901997
261	521.2159997888816
262	513.8385291651798
263	511.9343761757923
264	505.0974366590822
265	496.14432787154556
266	492.3145478263473
267	487.3121757999038
268	483.6766415134048
269	478.5422988955838
270	469.7071786320744
271	467.90764223922497
272	463.65334164489514
273	454.71369186461425
274	452.2664842349336
275	444.8645094265089
276	441.0551920020812
277	438.1165447581884
278	434.0181229461309
279	428.6052801955816
280	425.20857599865167
281	420.39388090510374
282	413.8640424562477
283	408.2769281207443
284	404.21243866042687
285	400.06656648240505
286	396.0595706186582
287	392.7479827341017
288	384.08658872007845
289	381.201878540553
290	374.42495869878667
291	369.1456293797678
292	365.66830821624944
293	361.3506209336779
294	356.14986857619124
295	351.46405109610396
296	347.8185007782745
297	343.6048352616931
298	339.488667352693
299	336.1090558828878
300	331.42647207398886
301	325.51648551329026
302	324.29189461334363
303	322.5305278883757
304	318.4436837969556
305	316.34066643581946
306	311.35625376568396
307	307.97803307969343
308	304.7335539003111
309	301.4905099098546
310	298.5850776855809
311	295.6730083642037
312	292.21576447114103
313	287.63748663528577
314	285.560189663011
315	281.5463859269371
316	277.5498746287053
317	271.8898275399556
318	270.7187592906853
319	269.39325203718954
320	264.98446282949635
321	261.40304231697564
322	260.22330413656937
323	255.26099880426818
324	253.09370239466125
325	250.76868791788047
326	247.19878948901942
327	242.13266123508265
328	239.58875715339718
329	237.15453392805694
330	233.17888304978305
331	230.73734806818584
332	228.55038045687297
333	225.8443837050877
334	221.44588636202434
335	217.74259375376323
336	215.16674875063518
337	211.69251083178142
338	209.64174531740764
339	205.09151968374545
340	200.409782989213
341	198.58483794171525
342	197.10529580552293
343	194.9758960290642
344	191.67314947434397
345	190.306711785292
346	188.5820230726099
347	185.3586483095719
348	182.9324106595891
349	180.84729260424547
350	179.11794058172427
351	174.93474116254993
352	170.08374805873655
353	167.3256864850705
354	164.3737650934204
355	163.3056976619705
356	160.65722802202845
357	158.23287060778284
358	157.3234363426168
359	153.7018051971395
360	152.78173686112905
361	150.89425212945252
362	149.6186007407091
363	146.38226902383076
364	144.93894385409703
365	143.81251502528949
366	141.99535823360247
367	139.84847253543603
368	138.56939001305773
369	136.88831396325304
370	134.8829355447092
371	132.54938949446705
372	131.13891762949106
373	128.86647230363496
374	126.02891331818
375	123.8859234442939
376	121.8952659645588
377	120.01645162492105
378	118.08569755940744
379	116.94551649480172
380	115.92943768639861
381	113.63664465089141
382	112.3390762134809
383	111.3637298168619
384	109.94033030647597
385	107.10862448060698
386	105.59299851913283
387	103.8770092836935
388	102.90109505038754
389	101.50765229022409
390	100.14373458555247
391	99.54563690355326
392	98.86420367291475
393	96.64490605407673
394	94.39112068229633
395	92.85563287750165
396	89.73267056705708
397	87.77250680909538
398	85.72353181825065
399	84.4802442179066
Query round: 4 | Query Strategy: BADGE_sampling | Query Batch: 400 | Valid Query Nums: 346 | Query Precision: 0.865 | Query Recall: 0.2189 | Training Nums: 2189 | Unalebled Nums: 47811
Files already downloaded and verified
openset here!
Files already downloaded and verified
==> Test
Model_B | Accuracy (%): 52.500003814697266	 Error rate (%): 47.499996185302734
detected_unknown:  22043.0


Files already downloaded and verified
openset here!
Files already downloaded and verified
number of image selected using KNN voting 800
1	1039504.137532196
2	3143.155808251111
3	3109.0813825537844
4	3093.8563363959474
5	3075.5429750650583
6	3055.6041276284886
7	3038.8365464794842
8	3018.0854516911713
9	2998.7048961899636
10	2988.9979005209098
11	2970.679828201879
12	2948.052703873247
13	2928.1333437110225
14	2892.4461178909914
15	2878.2506947647707
16	2866.7367599410863
17	2855.39393892511
18	2834.323617363807
19	2821.336222406004
20	2786.9021295549974
21	2772.4085678103074
22	2760.43847276584
23	2749.5495281399853
24	2744.2046384835776
25	2719.384356188697
26	2713.1187464162867
27	2695.011664371581
28	2677.544004339834
29	2647.6784240932247
30	2627.627845974457
31	2612.7493455668955
32	2580.5835284160494
33	2566.0174175573557
34	2552.3576118352867
35	2534.614140689657
36	2524.246421754644
37	2511.716775834844
38	2501.16479578922
39	2490.816406506863
40	2483.9575474446683
41	2461.797755495463
42	2445.1465383298273
43	2429.9556617108683
44	2413.9513768114193
45	2400.156682864581
46	2397.058367029582
47	2380.6690694753124
48	2360.568195393127
49	2346.671315243286
50	2337.081508562718
51	2324.7510291671424
52	2310.9998569533273
53	2296.4277502282566
54	2278.9116712522737
55	2265.460286211972
56	2232.8371517120904
57	2224.125465577752
58	2208.58417420723
59	2200.2287789143666
60	2185.3520272409587
61	2172.86375873052
62	2163.572157995128
63	2149.6822636148936
64	2140.989128828798
65	2130.262981095635
66	2119.756558099114
67	2112.834806627412
68	2102.7731510561935
69	2090.3373662920712
70	2085.7268728979907
71	2073.921254611858
72	2066.4424690472006
73	2055.7443214997693
74	2042.2940746732565
75	2032.8697910206902
76	2017.4941336717966
77	2006.229662939957
78	1994.6207067082214
79	1972.5232640812683
80	1946.466058812155
81	1931.6055041170257
82	1917.2793188905853
83	1907.5534554310652
84	1897.6235660471066
85	1889.5222676334015
86	1878.3760315087202
87	1866.4579849374059
88	1854.1641714340585
89	1845.5238721124406
90	1837.9101275902285
91	1824.3022114642008
92	1819.8636639123943
93	1805.4748848016534
94	1794.776952081469
95	1786.3353363437272
96	1773.9911047381975
97	1763.9210316104509
98	1752.4179598254777
99	1742.5368505878068
100	1728.56225074955
101	1723.363532201729
102	1712.1170926097475
103	1701.9549536573395
104	1684.817219349432
105	1670.9222283469207
106	1657.1905741797455
107	1651.6086306677826
108	1640.22533703909
109	1631.5154314147003
110	1623.3071928130157
111	1616.461050059057
112	1605.0997518397562
113	1593.6534629793532
114	1585.737444016493
115	1576.8229765588112
116	1562.3479284936257
117	1546.1723454742387
118	1538.3583312682968
119	1529.073794316144
120	1516.0718364227723
121	1501.3141554609101
122	1493.6707895697255
123	1482.5502835094157
124	1475.8735981747668
125	1470.6430704444574
126	1459.2941694511028
127	1452.6400651493968
128	1443.8511546254085
129	1435.957539015908
130	1427.2082795440147
131	1415.6141852675864
132	1406.059881113928
133	1389.4394269157128
134	1384.2675040501563
135	1376.4774223011846
136	1369.1232088815814
137	1361.3111600221528
138	1353.6246266842281
139	1342.342866399551
140	1333.4576337004473
141	1325.4902307654193
142	1314.7968666220477
143	1307.415065664558
144	1302.6702898910662
145	1296.1879929460047
146	1285.1538366761451
147	1280.691364237333
148	1266.7829598870521
149	1256.785768388996
150	1250.333269953022
151	1244.780261799453
152	1236.817793175338
153	1229.0731823074093
154	1214.6905959334617
155	1206.607329016544
156	1196.242070322849
157	1186.0026359991098
158	1174.7534179431314
159	1165.872861836564
160	1159.7787968849225
161	1150.981504175572
162	1138.1394476338683
163	1121.5846495076476
164	1115.4372574994268
165	1108.7174083897771
166	1097.3015849827716
167	1089.8149913726302
168	1078.2130083022566
169	1072.0694822235891
170	1066.5992988510916
171	1058.603533870999
172	1055.8653190729601
173	1046.579476863837
174	1040.7793823399043
175	1031.3494882213345
176	1026.7785334789587
177	1022.9016116958155
178	1013.237959502083
179	1002.4089733313813
180	994.883460216508
181	990.0344585029452
182	977.1454232780306
183	966.6421245185702
184	962.779415818215
185	957.4617745599753
186	949.7986598641655
187	938.893600802221
188	935.3818185563941
189	930.1092505689521
190	918.0696051755731
191	909.3730797070821
192	903.1761487905678
193	890.891456255391
194	882.5070248918419
195	877.7872323137053
196	872.9700414125618
197	869.0910231024536
198	860.5323377373206
199	853.8394283727321
200	846.3966755345973
201	838.232217259756
202	831.1341287568721
203	827.0097918795
204	824.7501013477377
205	819.7087514426603
206	812.8264325790151
207	806.0724719937934
208	797.6707624372139
209	791.2014065480835
210	785.8860813428691
211	781.5561566779434
212	773.9765054696982
213	769.9109409194716
214	757.3701285323405
215	753.5256616076731
216	746.6136494576276
217	744.2900460659803
218	739.4274030129236
219	731.8596964279932
220	722.1264161771905
221	716.5432094891366
222	711.3974786643448
223	704.4622090606063
224	696.8269015006299
225	691.5994435004468
226	682.075428073811
227	676.9038040158848
228	668.7923023463736
229	659.2520477506841
230	654.286325616813
231	644.6115645999598
232	637.7790545011449
233	631.3050545233345
234	626.7701207083228
235	620.2186368685725
236	610.6423371984201
237	606.9527269306636
238	604.6569904938151
239	595.1988929735307
240	583.35907115804
241	573.7132181154375
242	566.3094700786096
243	559.4356744211909
244	556.9861507120586
245	552.5532559708736
246	548.5159200362905
247	543.4061344387519
248	536.2188618900764
249	533.3983553017533
250	527.7342122162736
251	523.2580459679521
252	518.8886102951874
253	514.2174238480438
254	506.50386660469667
255	504.93036611895513
256	499.2885347195479
257	494.28885692782205
258	488.8733943002808
259	485.45636134320375
260	481.19015720410243
261	477.2969420818772
262	469.0979415929105
263	459.49872772546223
264	453.38157991610205
265	448.7843403477382
266	445.80942229442735
267	439.66140955714945
268	436.77445962168713
269	429.6354848861738
270	424.8218614578291
271	420.0639745712324
272	416.7965372606923
273	413.20297855458193
274	411.6897979821588
275	407.3584905206735
276	402.4096541926774
277	397.8234900958414
278	391.1712303744207
279	389.41091587283154
280	381.3612135234798
281	378.16662766137597
282	375.4617068926382
283	372.270970581616
284	370.80423343047005
285	364.4684722121383
286	361.5830043515234
287	355.7052161365791
288	354.8380151226229
289	348.31587837199186
290	340.97437236765836
291	336.36885705851455
292	331.00634828471084
293	326.5859469343486
294	319.85453786147264
295	314.3909392807909
296	312.2719074484121
297	308.9958140702147
298	302.59100665011647
299	298.41859210817347
300	296.7257299181001
301	292.4512097856423
302	289.9368411319956
303	286.641625551616
304	284.4607463446373
305	279.86584746208246
306	271.4104508098608
307	268.2221237930862
308	266.13058178754727
309	262.5885389905816
310	260.338150123127
311	257.84849224425125
312	252.22520193433593
313	249.9506205019934
314	247.35067632048595
315	244.79681827872264
316	241.3024640057629
317	239.476373325444
318	235.26140035187564
319	233.98822687437496
320	229.68769306840113
321	227.89860997499636
322	222.52743325533083
323	219.30318961443118
324	217.50082433968055
325	215.68506539134978
326	214.06084155919234
327	211.68942488438188
328	209.63287253147428
329	206.40484476746497
330	203.03204709645797
331	200.64348513242294
332	197.95251299306256
333	192.20979636819538
334	190.80261221905675
335	189.62910241146892
336	185.84464285536524
337	183.33719897796254
338	181.84837000237167
339	180.20826326237147
340	178.35383075326536
341	176.84686392396543
342	175.97456010907626
343	173.4552161365209
344	169.87917815217952
345	168.70051966676692
346	165.68272621533106
347	164.27516053499858
348	161.41946075739543
349	159.06900021083857
350	156.2985440755656
351	153.7554108904951
352	151.61504244204116
353	148.4563107165377
354	147.08973769496515
355	144.58943448311038
356	142.18683040633186
357	140.56237641316693
358	139.43835096325347
359	136.8482570917913
360	135.47736096599692
361	132.74712777960667
362	131.28631976144243
363	128.43836393372476
364	124.74055405568652
365	121.5307764001409
366	120.1225626577143
367	119.26438571107428
368	117.54788241153437
369	114.7680897403261
370	113.06473038091644
371	111.58449460614793
372	109.66138267333008
373	108.76555085705331
374	106.79532217256929
375	105.42984025709302
376	104.16564798808395
377	102.38773584819137
378	101.0216298105588
379	99.93694715457241
380	99.38738129857666
381	96.99251960042602
382	94.89933758723055
383	94.10215011695254
384	93.00791362384189
385	91.47699131772242
386	90.4625816701664
387	88.83243349301483
388	86.45847728955414
389	85.37710710209649
390	84.04571570405824
391	82.91859865848528
392	81.83079870478105
393	80.42723222509812
394	79.56805834531406
395	78.02251333821187
396	76.65059597123036
397	75.92466353867349
398	73.95197283241578
399	72.52144101329759
Query round: 5 | Query Strategy: BADGE_sampling | Query Batch: 400 | Valid Query Nums: 363 | Query Precision: 0.9075 | Query Recall: 0.2552 | Training Nums: 2552 | Unalebled Nums: 47448
Files already downloaded and verified
openset here!
Files already downloaded and verified
==> Test
Model_B | Accuracy (%): 56.35000228881836	 Error rate (%): 43.64999771118164
detected_unknown:  22293.0


Files already downloaded and verified
openset here!
Files already downloaded and verified
number of image selected using KNN voting 800
1	974265.4514102936
2	2305.2735366277975
3	2291.1212298038063
4	2258.482304308016
5	2238.325609628495
6	2221.4963293652163
7	2205.240204505075
8	2182.175421635073
9	2169.491946604021
10	2155.1876701376514
11	2137.090084459551
12	2114.1144658987523
13	2095.7370781271366
14	2079.369068361504
15	2069.778964735253
16	2047.456965871772
17	2031.5454983167929
18	2013.6404119046983
19	2004.7792098742557
20	1991.7268855792117
21	1978.6004379015994
22	1959.8079597672095
23	1951.5058581551184
24	1939.425405236112
25	1916.29135277766
26	1899.2441058446766
27	1886.1891213882827
28	1873.2640758360849
29	1853.0824053798915
30	1839.0434180189968
31	1819.2713786027507
32	1807.7688026660235
33	1795.5797427498383
34	1782.7332785927338
35	1760.610630352201
36	1749.885864561109
37	1734.5397811221537
38	1713.6219987658897
39	1700.9033398944066
40	1686.0550532656835
41	1676.9740485962593
42	1666.0843052490727
43	1652.0471758199037
44	1636.7471288609431
45	1621.4706286884957
46	1608.2488464619146
47	1594.6029791141973
48	1580.1111453277172
49	1568.9183967620247
50	1555.9623492797018
51	1544.9195362433438
52	1539.7755239565504
53	1531.2476237375868
54	1522.4965913851393
55	1506.629978950752
56	1499.370663035812
57	1487.2760769921933
58	1474.2369319802729
59	1461.9427991226894
60	1450.6543714736235
61	1437.7230089578425
62	1426.8727771622707
63	1413.7225190980007
64	1399.8634425291439
65	1391.592676800361
66	1377.664948078489
67	1367.7529388392923
68	1356.6099773614314
69	1343.5208984582332
70	1333.3494264382516
71	1326.3761898150315
72	1314.3167530141418
73	1302.9818818319236
74	1294.0677174033244
75	1284.952061441878
76	1275.1596066953261
77	1261.574910401052
78	1246.4126751410422
79	1233.6691611853075
80	1219.8992253790257
81	1210.2979609022495
82	1201.7270649179463
83	1193.2297977243197
84	1185.1824310553839
85	1178.3116563094427
86	1168.5857203734686
87	1156.6298849495706
88	1140.3872130072323
89	1134.6661597019174
90	1120.4693143511304
91	1105.8457243586072
92	1093.4049873896056
93	1082.222117955249
94	1073.7218866643143
95	1063.7643318471146
96	1052.177907019539
97	1044.1831312474442
98	1033.7599024932479
99	1025.5725741546248
100	1015.9740858764035
101	1006.4317244185713
102	1000.0607427779232
103	986.9350341671725
104	975.2536990350691
105	971.5987752306155
106	962.2263906633361
107	958.3769792168514
108	948.3496991544143
109	937.2023078351394
110	929.6744424252884
111	925.4555097966568
112	915.1039708712251
113	902.58967193627
114	898.0303567316496
115	886.5748925296703
116	875.0740198906624
117	864.2115439995305
118	859.8623167034584
119	854.37151269688
120	844.4181664444386
121	839.6819889999806
122	833.9372146583974
123	822.5369385795548
124	811.7139247779614
125	804.8509260444316
126	791.9455953864726
127	786.6422370204582
128	780.6299045810356
129	773.6784570941581
130	762.6400411853447
131	753.5163909632593
132	746.4518501002221
133	733.6516232767954
134	732.5407064238443
135	729.1151404250759
136	720.9017024920668
137	718.284722177812
138	712.7859395430769
139	706.5342953894633
140	700.1573570464152
141	692.8606663709852
142	681.4353714259687
143	674.6616373332563
144	668.6798854077115
145	662.4528106027628
146	653.9327786737467
147	646.4476072565067
148	641.084664895001
149	635.1096897845036
150	625.0565768008
151	618.9452628803319
152	612.2197280775636
153	604.4509172973103
154	600.6077861080757
155	596.16456518023
156	587.5856154782578
157	583.9863621443856
158	573.7471208731058
159	568.5928166334397
160	564.1002796118028
161	555.5738275472886
162	549.8505208914048
163	543.4663212586074
164	538.5683572234466
165	533.0507732427559
166	522.0346611172772
167	518.5046184219882
168	512.5492384278677
169	506.5229213082694
170	500.21969695421836
171	494.9273929152169
172	488.2333118741863
173	481.3883424534925
174	479.28059444818615
175	474.8965569535267
176	468.1921749795784
177	461.22554165972366
178	450.1880670274605
179	443.02523016985475
180	439.2886366849762
181	430.5158813908693
182	426.78754532136924
183	420.9267684201241
184	411.71553146638877
185	407.6985164860726
186	403.08322796514227
187	394.1448194422756
188	390.0396461795081
189	385.5939413617362
190	377.45441134097024
191	372.449035822041
192	370.3266461475051
193	365.96669091724294
194	358.9031386507905
195	353.6967703753381
196	343.249866192904
197	340.1325273476305
198	334.7724823173831
199	329.22892562577005
200	323.5858244104075
201	318.74134642756513
202	316.6921473107996
203	309.5705357156458
204	304.70091568350296
205	302.06149921005095
206	291.62267360275115
207	289.0841061920856
208	286.49423343720815
209	281.6071161039636
210	279.80761469805117
211	277.4609578677683
212	271.1288104169999
213	266.22186852628334
214	262.60498959720104
215	260.2647686690089
216	256.7664762794503
217	252.05897148940682
218	249.17642911765694
219	247.41047075545617
220	242.6050131499415
221	241.10355712767893
222	236.47510029670053
223	235.358156392269
224	232.0630686687419
225	228.5949602359088
226	225.16334702904538
227	223.66413318089877
228	219.0124525295451
229	216.1621896288471
230	214.64661988893027
231	211.2736800638723
232	206.40301451364036
233	203.04055812510165
234	200.69557394742702
235	192.1919387020517
236	189.53576809543853
237	188.1851487028526
238	185.32653277458127
239	183.5153728713977
240	179.88258063627842
241	178.45412391916585
242	176.96522926088625
243	173.9009140576582
244	171.53669161166732
245	168.8183597729422
246	165.5657465174209
247	163.69571607074437
248	159.32915678810065
249	158.2385606254448
250	154.2123430656266
251	151.37759026754617
252	150.86611383827955
253	148.23109147674955
254	144.0041469957269
255	142.66498899093682
256	141.37270157924473
257	138.64087096672125
258	134.02127471427053
259	132.1200985000524
260	128.42061175802343
261	127.31894341085541
262	124.98735450950886
263	122.29694332773767
264	118.52862154073051
265	117.75039891515013
266	116.47099260602232
267	114.4219034126782
268	113.36246941361429
269	111.35318648018261
270	110.02099429764172
271	108.86307739076989
272	108.07965235575654
273	106.70759609976636
274	104.6799499289537
275	103.16047661466843
276	101.15956321586242
277	99.88855385082394
278	96.44105859427333
279	94.18219958420929
280	92.15159544454042
281	90.05065164680678
282	88.41484299995324
283	87.37480864502692
284	86.41242223003616
285	84.33694510677566
286	81.81108892403978
287	81.09446192227739
288	79.22862684689431
289	78.43094491752532
290	77.57957249504949
291	76.48477445418217
292	74.60188363367894
293	74.045103056973
294	72.37041662270173
295	70.81811530245437
296	69.95544063873791
297	68.2882811475775
298	67.11543763915512
299	66.30570639021431
300	65.79146382934965
301	64.52994954171851
302	63.87181472364142
303	63.31199307679168
304	62.449596446013004
305	60.76542798802808
306	60.31783635885773
307	60.10513665111108
308	59.21911301047845
309	58.34204543833226
310	57.659240613853456
311	56.574621677618836
312	55.52063179003204
313	54.25111658782595
314	53.525466596695026
315	52.75983402690514
316	51.82845904723405
317	51.06564184323548
318	50.266331797976875
319	49.65750865465276
320	48.838226240202914
321	48.013103819090304
322	46.559231061941375
323	45.87898593441247
324	45.09678877543962
325	44.11578326046771
326	42.85776843715763
327	42.35668807101507
328	41.23996448810982
329	40.56003625152704
330	40.131413585959365
331	39.798592127293944
332	39.28718665930688
333	38.28711806093821
334	37.970142988868304
335	37.42983230800206
336	36.79984004589102
337	35.558800404340275
338	35.1428999653163
339	34.51463668476396
340	33.85277264230723
341	33.11971960132547
342	32.7854805717962
343	32.500623020709156
344	32.18183082658112
345	31.589508894265293
346	31.057553670545587
347	30.101807537781553
348	29.563867521670602
349	29.20678697974114
350	28.831874464458508
351	28.404801630045824
352	27.85374709274953
353	27.32110349709734
354	26.83826780548594
355	26.25012605750277
356	25.91363098390326
357	25.349405008304586
358	25.17662481922349
359	24.720478161756603
360	24.40199005562505
361	23.991749852482883
362	23.339253183652602
363	22.90162807350322
364	22.11902704819846
365	21.55820773043712
366	21.16081174141624
367	20.88311324198918
368	20.679684526521726
369	20.247160258355564
370	19.801519591479575
371	19.511955641037332
372	19.313131824785216
373	19.000791475826247
374	18.74907330665343
375	18.19321549806233
376	17.980177356703336
377	17.523837616858202
378	17.225281113513176
379	17.01946848047561
380	16.79963127490379
381	16.64179062064983
382	16.248996935452
383	16.012596461589112
384	15.76405287485801
385	15.70034017365657
386	15.449820797219274
387	14.961891466138752
388	14.535014663035383
389	14.430796887869349
390	14.219241554847088
391	14.116335357537594
392	13.824764265487886
393	13.6696247968776
394	13.476579293417728
395	13.369523395545968
396	13.18369868839551
397	12.919875527421084
398	12.73409707347497
399	12.465324650207606
Query round: 6 | Query Strategy: BADGE_sampling | Query Batch: 400 | Valid Query Nums: 360 | Query Precision: 0.9 | Query Recall: 0.2912 | Training Nums: 2912 | Unalebled Nums: 47088
Files already downloaded and verified
openset here!
Files already downloaded and verified
==> Test
Model_B | Accuracy (%): 59.80000305175781	 Error rate (%): 40.19999694824219
detected_unknown:  21972.0


Files already downloaded and verified
openset here!
Files already downloaded and verified
number of image selected using KNN voting 800
1	1089567.6567658382
2	1865.4925596690061
3	1842.5209900070238
4	1831.3488701262302
5	1814.3271834241948
6	1796.4708797132387
7	1765.340829859653
8	1746.3904861027165
9	1732.4732535892888
10	1708.1352132104128
11	1695.7329813821032
12	1681.3965938530653
13	1667.0969112358778
14	1654.770846501158
15	1642.1602715777024
16	1627.8851431316486
17	1602.742056698238
18	1591.0340858669276
19	1581.2469307155604
20	1567.8878379342402
21	1554.6063578025694
22	1542.772565116107
23	1532.1326539101335
24	1517.6823757332074
25	1505.6216591041791
26	1496.0016938796523
27	1486.6110347261908
28	1473.7180082927714
29	1458.1501643596473
30	1439.5177165902476
31	1421.4914581216196
32	1410.1673223412852
33	1384.8071163151667
34	1374.1532575054348
35	1361.577868089012
36	1347.7301369755783
37	1331.55365572863
38	1319.1768833058209
39	1304.3563628424213
40	1292.771509670119
41	1283.4398883259178
42	1272.6239378507503
43	1258.6813385043547
44	1245.146725848715
45	1226.3900539431975
46	1213.4233642215163
47	1203.47674232668
48	1193.5319162578578
49	1182.4393744328315
50	1175.1438102446753
51	1157.8016514502722
52	1150.0759640030353
53	1139.419433595778
54	1130.4545354048512
55	1120.8761940306774
56	1112.8383412474557
57	1096.1836966231256
58	1079.2813044620468
59	1062.4555769992783
60	1046.487297750709
61	1034.9736846398353
62	1027.9760998200416
63	1023.4643605946819
64	1004.9322597933258
65	994.4990766527387
66	988.3968683031178
67	970.7649888188369
68	958.6696423056326
69	945.1252428429923
70	932.9613812045916
71	927.997603172136
72	921.9602121507539
73	912.988420356696
74	906.6890449935361
75	902.4021207957319
76	889.8237027504272
77	875.4816865303344
78	864.3045570137235
79	852.2736490866425
80	840.6959318955685
81	826.764714701965
82	815.1502818711358
83	804.5752834923821
84	795.9210241636517
85	787.103438333075
86	783.7101962123322
87	778.5324561152863
88	767.0136578771542
89	755.2064020633022
90	745.8844552605203
91	737.6268531932053
92	723.5089751706016
93	715.9410216333833
94	707.0413553226297
95	696.7482221164298
96	684.9152961113048
97	676.5687645383202
98	672.3529316462134
99	667.5456422835612
100	659.0489686306589
101	650.6218145650835
102	642.4065685933945
103	629.9756776616466
104	619.6434517996875
105	613.6462648755894
106	608.4372974283085
107	600.8288806588878
108	594.1422240357404
109	584.8456742386822
110	577.77839105814
111	573.323639619213
112	568.1886031382508
113	564.4826657526917
114	561.9584760122723
115	557.013449130978
116	548.8408636436122
117	539.2984956213529
118	535.3203803577251
119	531.3690941562434
120	525.6792948474665
121	522.3054967155238
122	513.271934284179
123	506.2896523729922
124	504.7996269264166
125	495.9124174797815
126	489.77378947380004
127	478.71044740359304
128	473.447182270689
129	466.2752080885601
130	458.16888522914616
131	456.0505713777873
132	447.3178299594927
133	441.2241867302708
134	433.01619033485423
135	428.72797851234446
136	419.811131578337
137	413.63992500484693
138	407.62782460327963
139	401.0002930403478
140	391.4250894397754
141	389.6562716417737
142	382.99823872854705
143	371.7506372194528
144	366.42232271393533
145	361.6608419878665
146	356.6900244219485
147	353.39551143446243
148	344.3485777336662
149	341.8489914966538
150	338.91628932643454
151	335.5779237709265
152	331.62939925508346
153	325.78454774774383
154	319.5911235228903
155	316.90445391920167
156	309.26281937344703
157	305.2970884679142
158	302.1179384206679
159	297.3031960198913
160	292.2541900332343
161	287.8832944353834
162	286.34493908453976
163	281.4877261786513
164	276.46862836012394
165	272.1088473595936
166	264.5578565301165
167	261.93640656552986
168	259.4742082754873
169	253.3578981544614
170	251.36812464222555
171	248.36878282500209
172	243.46956977637262
173	242.30459826007962
174	238.02143816486011
175	231.28481967024516
176	227.82996237346913
177	221.97390966232877
178	219.53123298647358
179	216.79965987381536
180	214.17519714228354
181	210.90063959452334
182	205.14649569777782
183	201.6073974193913
184	199.3675233889279
185	196.89710509764507
186	192.5269878109592
187	189.93299809423286
188	187.77015229610504
189	186.4232862976404
190	182.2084255290009
191	174.94937992810978
192	172.55999744653477
193	169.62547195672764
194	165.46975124597324
195	161.88372457742466
196	159.0424956147816
197	156.58934033562204
198	153.9887106028526
199	152.48694891551517
200	148.97085089305426
201	146.9036471901253
202	144.00970078089983
203	141.46998672320285
204	139.0690916866787
205	135.62588370747642
206	133.77537440432013
207	129.2038631357044
208	127.01345497205863
209	124.45746987416884
210	122.19411497189672
211	121.80011294958773
212	120.03596892768643
213	118.20262227692534
214	116.28142570356964
215	113.85075233599296
216	111.8638018114924
217	110.95625105932946
218	109.15293732718224
219	108.25051506115948
220	106.1061210207025
221	104.8818951830816
222	101.95290304437172
223	101.0525945543976
224	100.47106590919962
225	98.66801407986155
226	96.27844287438153
227	94.72736641912148
228	92.86218368921787
229	90.98849390291967
230	89.8004619910697
231	88.82542697761333
232	86.88213029889981
233	84.07969890432092
234	80.74187764189797
235	77.52770834709177
236	75.88512128290846
237	74.01246612101919
238	73.32730348736173
239	72.83440380833586
240	71.60098140976866
241	69.48272709338003
242	67.85999230830008
243	66.8842951551104
244	65.31598892708085
245	63.25859728355668
246	63.106840817077554
247	62.211024836165834
248	61.02516622887366
249	59.58363085344341
250	58.66649402805511
251	56.63744392233808
252	56.11457838926604
253	55.63645344075654
254	55.239724358887415
255	54.70666103403515
256	53.49642686104367
257	52.632009546514254
258	51.50475184177945
259	50.483931491131315
260	48.297706761144454
261	47.47498185962637
262	46.74123504304758
263	46.074881698130284
264	45.30127710358089
265	45.1222759500905
266	44.386612327472776
267	43.64012262381753
268	42.99816948212707
269	42.56410923468671
270	41.97192651609099
271	41.30002158216108
272	40.59536068967451
273	39.7465352122325
274	39.12212946181704
275	38.212096474222434
276	37.5799307214928
277	36.74792986747512
278	35.430372648408465
279	34.95916557320912
280	34.10671351678489
281	33.72671529479145
282	32.821885196639286
283	32.39560755092849
284	31.95107184846152
285	31.6869058281171
286	30.92131451888586
287	30.54210005655646
288	30.05883903756499
289	29.43375766232371
290	28.882847324379195
291	28.35372193881072
292	28.236906884610885
293	27.965962348878616
294	27.80883044882817
295	27.366885015211533
296	26.836427451222203
297	26.05691970913345
298	25.813689520584244
299	25.247891647451848
300	24.916806739552936
301	24.513215553744754
302	23.944506418689212
303	23.546512943490466
304	23.20570039822074
305	23.110216830265795
306	22.772067769435903
307	22.41225948739689
308	21.940716441857017
309	21.79841445949374
310	21.314417708619526
311	21.149999585779238
312	20.91098194184256
313	20.624865252398973
314	20.401642627597408
315	20.08626566040571
316	19.727466673406393
317	19.585621673204383
318	19.22949000034519
319	19.09538474801762
320	18.644690126564324
321	18.375925330144906
322	18.06050503692482
323	17.800473648157872
324	17.547228359578963
325	16.982965930384903
326	16.799586696228157
327	16.41789717558809
328	16.2274127820509
329	16.099790147878462
330	15.637045643665129
331	15.393306755738973
332	15.200522519584279
333	14.985357490784605
334	14.853314674657536
335	14.737685933798144
336	14.641259774654696
337	14.505484274174574
338	14.163175130489304
339	14.054041179123356
340	13.999915529715832
341	13.792286390660916
342	13.687447705099071
343	13.449170090138391
344	13.24838032557123
345	13.048039859302985
346	12.92512537082835
347	12.644968419241518
348	12.447793621853958
349	12.28194361663223
350	12.209176602948315
351	11.965711514342143
352	11.651804874527766
353	11.50912437825205
354	11.367883110928556
355	11.127601319589626
356	11.043722830183793
357	10.764375344641262
358	10.655623944805807
359	10.351833315895743
360	10.197242783712095
361	9.996958409540053
362	9.849186163652444
363	9.702202998984244
364	9.624869988251117
365	9.507999724208599
366	9.36027999782014
367	9.235147374225885
368	9.13641788671735
369	8.989907687030023
370	8.737018051697628
371	8.64408324207248
372	8.49103452509949
373	8.412822777021898
374	8.222279195770493
375	8.094204836472596
376	7.999103492553655
377	7.902042421892798
378	7.741824408224016
379	7.661195521594305
380	7.624060972870534
381	7.485802018265854
382	7.408531494841878
383	7.265828015816947
384	7.205638908383985
385	7.0305107757988985
386	6.907999524806069
387	6.869659492705392
388	6.776807404788411
389	6.600283530958546
390	6.528758953517677
391	6.404208429830174
392	6.301726917919364
393	6.157482924755964
394	6.0952727059860585
395	5.956638905242794
396	5.755143936513701
397	5.655570875621702
398	5.574156392134096
399	5.476814530409097
Query round: 7 | Query Strategy: BADGE_sampling | Query Batch: 400 | Valid Query Nums: 347 | Query Precision: 0.8675 | Query Recall: 0.3259 | Training Nums: 3259 | Unalebled Nums: 46741
Files already downloaded and verified
openset here!
Files already downloaded and verified
==> Test
Model_B | Accuracy (%): 60.30000305175781	 Error rate (%): 39.69999694824219
detected_unknown:  21419.0


Files already downloaded and verified
openset here!
Files already downloaded and verified
number of image selected using KNN voting 800
1	1039423.3368903259
2	2108.111914445224
3	2090.664709359451
4	2079.015778184912
5	2046.4388815174316
6	2023.7097603092407
7	2008.2452798402373
8	1979.0706442480878
9	1966.107753541597
10	1947.7644384170853
11	1933.263417004884
12	1917.1008252997854
13	1901.2143964667775
14	1881.5775260010705
15	1866.612580472647
16	1850.7152198730473
17	1836.8891488863592
18	1822.6178347231325
19	1812.663983128543
20	1799.544815797868
21	1778.1381213856366
22	1763.6046894840401
23	1748.005983100782
24	1735.210916267286
25	1720.7189932638285
26	1708.912561292338
27	1691.4702409264137
28	1679.1685873594106
29	1659.19258144153
30	1648.5626576210343
31	1628.1999485756241
32	1616.0083714875364
33	1597.3115957549744
34	1582.321175275647
35	1565.986772234828
36	1548.4269806698867
37	1535.6343099240185
38	1522.8773290280224
39	1509.2997633268096
40	1499.157182278388
41	1482.9316061726277
42	1464.6555911172618
43	1450.6084184078936
44	1438.5850648312335
45	1427.1126814932068
46	1416.2214109083143
47	1402.8591456502181
48	1388.5245628445846
49	1376.6944315401342
50	1366.6891729771596
51	1355.756730607056
52	1345.1501689462893
53	1329.606029561066
54	1318.7651648836181
55	1309.8467603044555
56	1292.2655330019043
57	1281.6724281127533
58	1275.4183959279178
59	1256.9968647084168
60	1249.4458957489549
61	1241.2257538612903
62	1227.0088682878265
63	1216.2942667575987
64	1207.3613324326432
65	1201.1113989777366
66	1183.6563465991492
67	1175.7990905396143
68	1163.7246618872011
69	1153.694872439417
70	1142.432593708436
71	1130.2982085994881
72	1123.1515107138985
73	1110.1339782413997
74	1102.6525462803402
75	1090.6165822057956
76	1077.6475251226657
77	1068.6682532339328
78	1059.237509954066
79	1043.6984767506801
80	1032.5951481510856
81	1023.7701892874173
82	1015.5530912124522
83	1007.5786887847788
84	995.7088550648622
85	985.4987723858065
86	974.3384698599547
87	965.2580330053314
88	954.803092209433
89	934.2124535220645
90	924.1265341418765
91	914.5306055860564
92	906.4891912627935
93	895.7424876906879
94	885.8828636513061
95	872.1396967277832
96	861.034932743103
97	849.7590715324476
98	840.7724244560085
99	834.1245569375313
100	828.937100707364
101	819.8593571770906
102	809.6453455605514
103	798.2268889870464
104	791.7222595074417
105	782.8869501165316
106	777.3062932587197
107	768.1868312454751
108	761.408359775596
109	753.9037902977286
110	745.2926408048222
111	738.3422902722812
112	729.7367337153262
113	725.8399167464083
114	718.2653662886439
115	709.5746037688075
116	702.3140037919363
117	693.7238376972234
118	685.7971461650884
119	676.6980132635651
120	665.8791001325442
121	653.2817988757013
122	641.2475073605744
123	632.8823386072615
124	622.8609424471358
125	615.7900705547506
126	602.8302673153082
127	590.8435448985981
128	581.1582844546499
129	572.7468736446897
130	565.5763550983246
131	560.3782087550934
132	552.8379632221039
133	543.1244146763783
134	540.1837407986603
135	535.097580854126
136	529.423324529358
137	518.4369791693024
138	508.4133452123932
139	496.8616854299761
140	486.3368917361803
141	477.4437760806612
142	471.41242176647927
143	465.041837714656
144	456.77880277011707
145	452.70434428546275
146	447.74989034030284
147	441.5957699756108
148	432.2500725726567
149	424.39771038554306
150	421.6266666652954
151	415.54689016960026
152	413.8232251705921
153	409.4040488148893
154	399.492987527963
155	393.55257049899944
156	389.91294137340435
157	383.53387761906185
158	377.73289266040945
159	367.7749019984475
160	364.206966884536
161	359.6550643424124
162	352.90547203818267
163	341.2579232937277
164	337.54189268044126
165	331.7755380883899
166	326.10832274109987
167	322.6446736563083
168	316.4106415022251
169	311.0531650044576
170	307.5422960604627
171	302.5962472894315
172	293.9083753564481
173	288.8430107835301
174	281.78105995185604
175	277.48735009632935
176	273.67772258968023
177	271.14298246589885
178	265.4343604857421
179	262.10723214915186
180	259.48269182017236
181	257.91178763144114
182	254.93355691664317
183	252.6592156120895
184	250.20407502142177
185	245.50742427758803
186	238.6018243710131
187	234.57996934057144
188	228.9710807144728
189	223.6516136467543
190	218.87646000306984
191	214.36156599443336
192	211.82347129505058
193	208.83373000995186
194	204.89001348392037
195	204.0401910634099
196	200.03939588785568
197	195.51176054238738
198	192.9309055966295
199	189.93377663315903
200	186.8043699425615
201	185.15569261361077
202	184.06926969338372
203	181.56388284677803
204	176.5093098682554
205	173.51106233026064
206	171.93570000554598
207	167.22944996230933
208	165.2004776160901
209	162.8163822225905
210	160.2218749597231
211	158.02989757021703
212	154.0826701727491
213	151.7600098740803
214	149.99745944196172
215	146.7967310099192
216	144.64404065652332
217	143.64974980930845
218	142.30836998562143
219	141.11870654251823
220	137.07689361459038
221	136.266461156585
222	134.36432019474145
223	132.15183186733324
224	128.8619942481599
225	126.26660589226216
226	124.4220910454604
227	123.72198452717552
228	121.53420584414548
229	118.99074952815121
230	117.65433665011355
231	115.32138053451476
232	110.24991122756896
233	107.8647715082187
234	106.0923161735553
235	103.19757543907312
236	101.38954745636133
237	99.53494976864008
238	98.21637634713247
239	96.85388569314077
240	95.49469283713537
241	94.8521201957627
242	92.62910954969979
243	92.22674479933616
244	90.5685983649308
245	88.70847691908406
246	88.05570369611073
247	86.38943862328583
248	83.50654814003778
249	82.3565968987094
250	80.51023660153427
251	78.26299403126163
252	77.86568452651395
253	76.22904957045816
254	74.82265321005966
255	73.7605474351802
256	72.0929255842128
257	71.18708870400573
258	69.57207066237592
259	67.83508348229938
260	66.48287283359227
261	65.5059255982413
262	64.72794768820299
263	63.330107759225804
264	61.37670068583234
265	60.57256426773515
266	59.90616926574862
267	59.25869179503193
268	58.17128959878014
269	56.93022445034135
270	54.71675744796071
271	53.51129475530602
272	52.24493328031517
273	50.71630159315087
274	49.185814450269255
275	47.825916479115996
276	46.74609278361445
277	46.099897312240365
278	44.567840836250845
279	44.45986682107455
280	43.446899234557215
281	42.795490310301695
282	41.99527619832211
283	41.39722882264309
284	41.00434820407086
285	40.28299097769909
286	39.117470284872844
287	38.87214436604322
288	37.62208448956867
289	36.76880815448735
290	36.11634256063176
291	34.96486064076803
292	34.52469060833014
293	34.04264504716762
294	33.42065920859373
295	32.94949709802664
296	32.381486888549134
297	31.82922338361446
298	30.63096838111583
299	30.163745381145286
300	29.85431376865368
301	29.069908656212515
302	28.30121359977407
303	27.9315060741536
304	27.216586467988105
305	26.770858696141527
306	26.283546585316667
307	25.583747639397057
308	24.82521349356453
309	24.419342847326202
310	23.813421835718923
311	23.29854866597803
312	23.166470063067987
313	22.44148723397289
314	22.153490112428567
315	21.554447692502304
316	21.14829210506637
317	20.807940866219592
318	20.385730530488086
319	19.841857352239327
320	19.349239926846945
321	18.778888385804617
322	18.295664262088263
323	17.63322670391413
324	17.225080488951658
325	16.743841388790184
326	16.46881555128844
327	16.115634146077223
328	15.912307108384862
329	15.835257771057382
330	15.506434949678674
331	15.1148641729777
332	14.667162567853534
333	14.345021534620042
334	14.146169239876922
335	13.975719557758435
336	13.395268326119417
337	13.129995485218256
338	12.998562379081573
339	12.559984257426418
340	12.42799920028106
341	12.04100462961274
342	11.945451745570477
343	11.633714804232891
344	11.434602826189671
345	11.295498089002518
346	11.139821546934268
347	10.989749438329323
348	10.826370638442182
349	10.610035221714366
350	10.418540874972546
351	10.14501558654943
352	9.967552576974281
353	9.871603601291877
354	9.743257342517477
355	9.66736795628081
356	9.52614393296231
357	9.149572006921385
358	9.08424955175347
359	9.024595345504945
360	8.95644834930486
361	8.735189079295974
362	8.672881097696386
363	8.435053826429662
364	8.276797919966935
365	8.1227804053086
366	8.094722989672714
367	8.00818499856437
368	7.932700041012918
369	7.8653605461885086
370	7.7771511293220605
371	7.742468859593696
372	7.604239338092935
373	7.489274418855398
374	7.464395083877076
375	7.346023431728877
376	7.23093575121025
377	7.072338356386222
378	6.96036875127616
379	6.926028268102396
380	6.829811022883728
381	6.724683390498608
382	6.660908701361546
383	6.539492050649056
384	6.483325682969149
385	6.399923533051474
386	6.328576107312397
387	6.2378959386618185
388	6.192527672257125
389	6.109781632603113
390	6.031271117211286
391	5.957773097852037
392	5.813272125934741
393	5.716453770898948
394	5.673507242150077
395	5.5494625316926935
396	5.451441083495734
397	5.298616908693798
398	5.245325750148691
399	5.18225937562725
Query round: 8 | Query Strategy: BADGE_sampling | Query Batch: 400 | Valid Query Nums: 339 | Query Precision: 0.8475 | Query Recall: 0.3598 | Training Nums: 3598 | Unalebled Nums: 46402
Files already downloaded and verified
openset here!
Files already downloaded and verified
==> Test
Model_B | Accuracy (%): 62.10000228881836	 Error rate (%): 37.89999771118164
detected_unknown:  21670.0


Files already downloaded and verified
openset here!
Files already downloaded and verified
number of image selected using KNN voting 800
1	1159840.4353319346
2	1475.3520665263018
3	1462.572001943477
4	1451.3112528214656
5	1432.2285039301455
6	1414.4832465255126
7	1399.8820387541746
8	1383.8286071808507
9	1370.1017260912304
10	1354.5572734239936
11	1341.4219641231425
12	1327.2145113220863
13	1315.0029025964864
14	1299.9231205682695
15	1285.1002051273786
16	1261.5049572337844
17	1246.643772078441
18	1230.5576608113438
19	1213.3239939145237
20	1199.3101188444957
21	1190.1581561400048
22	1178.574582321798
23	1166.2384690784343
24	1149.5737038257025
25	1139.480389883738
26	1133.0792408762463
27	1118.6039197640457
28	1101.3139723688323
29	1085.0413664039183
30	1077.8070791419555
31	1066.1967329187278
32	1046.4612211361487
33	1033.0408471506048
34	1028.9523857205309
35	1013.5189785270154
36	999.4671426184609
37	988.7263436412572
38	979.420259962058
39	972.1420245791919
40	958.2121121172927
41	947.6786805872939
42	937.2734940393962
43	924.9326742037333
44	913.6255247436598
45	906.9885327252227
46	895.0816289623867
47	878.1911645019095
48	860.7480974089954
49	849.7198278433311
50	834.1443021958362
51	823.6843414846476
52	811.5597827396955
53	805.363260026988
54	796.0338146648969
55	787.3022707602609
56	778.0852168355736
57	766.9633073303517
58	753.1814535855915
59	748.6525819997437
60	742.8716105871968
61	737.768110697823
62	724.3384136610798
63	709.0619358473591
64	700.0826009537227
65	689.0581840301998
66	683.302862050677
67	675.9986103798396
68	668.4084590386733
69	655.6595478385821
70	648.1358185007371
71	637.0629434154503
72	623.7854233367502
73	614.7560854537546
74	607.0992966277659
75	598.0136124414526
76	590.1047537785157
77	578.603352172267
78	567.8889022869657
79	554.9559906404133
80	544.2989833606075
81	537.0299964768014
82	528.7986117752403
83	516.0624460037466
84	503.7652953918691
85	492.1765922363515
86	484.5279970178048
87	479.0072798723954
88	470.9280866882431
89	466.47751193222524
90	458.3035564605047
91	451.8385082111594
92	441.5633419946202
93	432.1171196078316
94	422.0283007904322
95	417.59760308599965
96	412.6771476302196
97	404.3202450294879
98	399.7952288691553
99	392.3516337885189
100	389.76432561335554
101	382.7396662686619
102	376.56843738301137
103	368.94653634630555
104	363.98396132557133
105	356.4903757688258
106	351.9794719861489
107	345.93695657464156
108	340.80698507043013
109	334.88207738610396
110	325.9051809762273
111	316.78418354733327
112	309.37184105158263
113	305.4191592717212
114	298.7905075046834
115	297.3258756860701
116	288.9631447061507
117	282.5357283815352
118	278.74825147183907
119	270.1962380746223
120	267.2996087411262
121	261.11719781200696
122	256.16591388027473
123	252.55805297061627
124	248.5863432423753
125	245.40111202682195
126	236.65844189869998
127	225.71263818750916
128	221.69916155695276
129	216.72425904153673
130	214.60916610597226
131	211.24095523939062
132	207.4426931200974
133	205.43850826780138
134	199.64751515519632
135	195.10098109376443
136	193.08152847643535
137	184.06179771013151
138	181.8575013596524
139	175.17972054960734
140	172.95745435240275
141	169.4982901595027
142	165.59223350137069
143	160.48715623467754
144	157.42416497284606
145	153.4188589578221
146	150.32030346669083
147	144.23709830018518
148	140.19792056997133
149	138.8654874611489
150	134.29875696188134
151	133.07167605755563
152	130.69191017691224
153	127.744315713087
154	126.2237202036445
155	122.58266867280649
156	118.90598852283033
157	117.76546413547071
158	114.91572713249074
159	111.53063478311701
160	108.06797119220896
161	107.03358316374538
162	104.96267142693573
163	103.55026027123272
164	99.81026429921216
165	98.76954708486623
166	97.07560875307131
167	96.05060753307366
168	94.43999740562462
169	93.74900449110605
170	92.29357230590135
171	89.81335604723022
172	86.29879483647123
173	84.98891056942698
174	83.5936662490963
175	81.95256227851091
176	80.31475566140902
177	78.0289847683121
178	75.40946934930575
179	72.98291538469088
180	72.66488977126168
181	70.65206997329692
182	69.61075131490684
183	68.53491483285647
184	65.86623462621678
185	64.67577431624845
186	63.28251169150785
187	61.70879135554746
188	59.96020635962809
189	59.17489797584453
190	57.97315245712848
191	56.45823269928546
192	55.42112605591278
193	54.55278463859899
194	53.11263681907762
195	52.25382473948734
196	50.57063240988968
197	49.652777266168
198	48.87584495841615
199	48.4806221489594
200	47.5184407894299
201	46.385757076557226
202	45.764716106470175
203	43.86660818779232
204	43.043561346075464
205	42.360143299203216
206	41.339839129348135
207	40.148952870269156
208	39.566303520102835
209	38.51769136531543
210	38.41523477163496
211	38.04168938182333
212	37.474640414764096
213	36.65117469133615
214	35.76222797931909
215	34.69196463042094
216	34.11151299998669
217	33.60108576846464
218	32.78465580996048
219	32.576172821759926
220	31.341038220166908
221	30.947479314663312
222	30.064700528162163
223	29.446376315141194
224	28.89608104849826
225	28.07871684679189
226	27.41077935747812
227	26.931512413777043
228	26.431886403120686
229	25.862646424005604
230	25.43593784494219
231	25.011491932103624
232	24.279743351171007
233	23.740015473156333
234	23.208270655942712
235	22.389835936771803
236	22.000228805290632
237	21.325681609856062
238	21.16625779834935
239	20.344567668825718
240	19.947683182746502
241	19.389232830156786
242	19.052522585739595
243	18.967900275854433
244	18.40721916496618
245	17.86941429121866
246	17.390581274199164
247	17.08397530184952
248	16.7009813355085
249	16.414457989505124
250	15.903134620717125
251	15.264890695701567
252	14.84474605177597
253	14.53739543679471
254	13.989888061228655
255	13.776602909210439
256	13.654037714035027
257	13.44208950729221
258	13.119866261194645
259	12.9240882523532
260	12.60339329915
261	12.38839919075103
262	12.268732406127626
263	12.029290502135652
264	11.918846955538854
265	11.707526360989092
266	11.61637246207242
267	11.4456937244518
268	11.198338591156741
269	11.011576103546346
270	10.883840734638895
271	10.82128521065674
272	10.71086896314732
273	10.438478935645932
274	10.366032496208888
275	10.167169272970156
276	10.05886199332376
277	9.93229743561237
278	9.754884412426279
279	9.380078216928766
280	9.270807766811728
281	9.01864941228591
282	8.783940113953165
283	8.66068534792025
284	8.570463483259616
285	8.477865555772539
286	8.331580588111635
287	8.19293173540568
288	8.055315274168194
289	7.883056435157002
290	7.854722253401221
291	7.738015152919203
292	7.659959203823334
293	7.574341150947973
294	7.4681698610379925
295	7.2353680048704945
296	6.960857293438991
297	6.8962933696216595
298	6.722694178589833
299	6.62209418266643
300	6.540345578097501
301	6.468602164291539
302	6.3765693074633845
303	6.3269091996321976
304	6.305568735613903
305	6.191299913826057
306	6.146668088277053
307	6.059628815455923
308	5.890759017413345
309	5.809753442203416
310	5.691188210641755
311	5.551348299892467
312	5.517154931474849
313	5.380973067471402
314	5.271885507334716
315	5.164395373840577
316	5.090210666438267
317	5.039452625382452
318	4.977395007330685
319	4.937177015019458
320	4.833470070096425
321	4.797364692938842
322	4.770954959213029
323	4.6895832392167875
324	4.63889381388644
325	4.548781649269856
326	4.4956764741857995
327	4.378842774245911
328	4.3148880260326195
329	4.220234973631065
330	4.1278378821628365
331	4.0914234684126285
332	4.069430283340168
333	4.000821785845162
334	3.9149689290500618
335	3.856651827134371
336	3.8144829078681113
337	3.752335017161201
338	3.7191827292606803
339	3.6732642761615324
340	3.6147844430723097
341	3.5553297226049807
342	3.529823043223402
343	3.5014305584934817
344	3.429073643834087
345	3.3653213790383205
346	3.309703000861006
347	3.295271403190597
348	3.2248970106791575
349	3.195618041092345
350	3.1695243923457355
351	3.154585306155056
352	3.115997706162304
353	3.0997485803389253
354	3.0540051861069486
355	3.022032044506247
356	2.992951601627553
357	2.9333045182395807
358	2.907343863508956
359	2.878315214610936
360	2.8563342929785875
361	2.817756297148023
362	2.773647759116372
363	2.732787844289575
364	2.693171877666188
365	2.6611693428269945
366	2.6337583083743965
367	2.6133165734320727
368	2.5767308269771974
369	2.555526914077106
370	2.5089182450995366
371	2.477126934281202
372	2.45063627948484
373	2.4343318026815695
374	2.4109915152842376
375	2.3958642875630147
376	2.3727262428426883
377	2.3552948324498146
378	2.310386110984197
379	2.2946398318115797
380	2.267016518908619
381	2.2398803510043734
382	2.2307866790700217
383	2.1896913067806025
384	2.1576985830572966
385	2.13833591817847
386	2.1338535925880677
387	2.115669912336827
388	2.0882709975091274
389	2.055736540659993
390	2.0427866278511573
391	2.0320384763848978
392	2.0049083363932567
393	1.9867287323074123
394	1.97342523036302
395	1.9585036026452798
396	1.9480097508730267
397	1.9247720730035525
398	1.9054674785237893
399	1.897825239874848
Query round: 9 | Query Strategy: BADGE_sampling | Query Batch: 400 | Valid Query Nums: 328 | Query Precision: 0.82 | Query Recall: 0.3926 | Training Nums: 3926 | Unalebled Nums: 46074
Files already downloaded and verified
openset here!
Files already downloaded and verified
Finished. Total elapsed time (h:m:s): 0:25:20
